
==========================================
| IO Statistics                          |
|                                        |
| Duration: 264.258424 secs              |
| Interval:   1 secs                     |
|                                        |
| Col 1: BYTES()ip.src ==128.110.219.103 |
|----------------------------------------|
|            |1        |                 |
| Interval   |  BYTES  |                 |
|----------------------|                 |
|   0 <>   1 |  874638 |                 |
|   1 <>   2 | 1241704 |                 |
|   2 <>   3 | 1868878 |                 |
|   3 <>   4 | 1085344 |                 |
|   4 <>   5 | 1165084 |                 |
|   5 <>   6 |  845002 |                 |
|   6 <>   7 |  716058 |                 |
|   7 <>   8 |  113808 |                 |
|   8 <>   9 |   17034 |                 |
|   9 <>  10 |  164316 |                 |
|  10 <>  11 |   94034 |                 |
|  11 <>  12 |  627768 |                 |
|  12 <>  13 |  929248 |                 |
|  13 <>  14 | 1205738 |                 |
|  14 <>  15 | 1040184 |                 |
|  15 <>  16 |  825624 |                 |
|  16 <>  17 |  989610 |                 |
|  17 <>  18 |  617650 |                 |
|  18 <>  19 |  731326 |                 |
|  19 <>  20 |  795930 |                 |
|  20 <>  21 |  766434 |                 |
|  21 <>  22 |  722908 |                 |
|  22 <>  23 | 1006446 |                 |
|  23 <>  24 | 1377036 |                 |
|  24 <>  25 | 1989074 |                 |
|  25 <>  26 | 2445214 |                 |
|  26 <>  27 | 2218424 |                 |
|  27 <>  28 | 2449506 |                 |
|  28 <>  29 | 2915716 |                 |
|  29 <>  30 | 2775350 |                 |
|  30 <>  31 | 3507966 |                 |
|  31 <>  32 | 3188956 |                 |
|  32 <>  33 | 2554236 |                 |
|  33 <>  34 | 2047654 |                 |
|  34 <>  35 | 2443844 |                 |
|  35 <>  36 | 2541874 |                 |
|  36 <>  37 | 2666774 |                 |
|  37 <>  38 | 2409364 |                 |
|  38 <>  39 | 2269806 |                 |
|  39 <>  40 | 2662102 |                 |
|  40 <>  41 | 3109940 |                 |
|  41 <>  42 | 3090924 |                 |
|  42 <>  43 | 2949174 |                 |
|  43 <>  44 | 2253234 |                 |
|  44 <>  45 | 2635560 |                 |
|  45 <>  46 | 2017134 |                 |
|  46 <>  47 | 2443844 |                 |
|  47 <>  48 | 1560928 |                 |
|  48 <>  49 | 1361570 |                 |
|  49 <>  50 | 1309692 |                 |
|  50 <>  51 | 1225380 |                 |
|  51 <>  52 | 1417756 |                 |
|  52 <>  53 | 2003468 |                 |
|  53 <>  54 | 2257344 |                 |
|  54 <>  55 | 2525284 |                 |
|  55 <>  56 | 1906264 |                 |
|  56 <>  57 | 1216186 |                 |
|  57 <>  58 | 2181384 |                 |
|  58 <>  59 | 2018504 |                 |
|  59 <>  60 | 2136422 |                 |
|  60 <>  61 | 2146276 |                 |
|  61 <>  62 | 2099944 |                 |
|  62 <>  63 | 1925840 |                 |
|  63 <>  64 | 1892234 |                 |
|  64 <>  65 | 2640264 |                 |
|  65 <>  66 | 2701798 |                 |
|  66 <>  67 | 2790766 |                 |
|  67 <>  68 | 1972222 |                 |
|  68 <>  69 | 1925972 |                 |
|  69 <>  70 | 2714492 |                 |
|  70 <>  71 | 2633926 |                 |
|  71 <>  72 | 1990576 |                 |
|  72 <>  73 | 2347946 |                 |
|  73 <>  74 | 3053836 |                 |
|  74 <>  75 | 3361260 |                 |
|  75 <>  76 | 1969514 |                 |
|  76 <>  77 | 2031164 |                 |
|  77 <>  78 | 2070448 |                 |
|  78 <>  79 | 2286642 |                 |
|  79 <>  80 | 1864108 |                 |
|  80 <>  81 | 2133616 |                 |
|  81 <>  82 | 2404560 |                 |
|  82 <>  83 | 2891632 |                 |
|  83 <>  84 | 2342762 |                 |
|  84 <>  85 | 1422328 |                 |
|  85 <>  86 | 2400318 |                 |
|  86 <>  87 | 2271176 |                 |
|  87 <>  88 | 1721266 |                 |
|  88 <>  89 | 1980656 |                 |
|  89 <>  90 | 1862672 |                 |
|  90 <>  91 | 1850078 |                 |
|  91 <>  92 | 2025552 |                 |
|  92 <>  93 | 2217862 |                 |
|  93 <>  94 | 2099944 |                 |
|  94 <>  95 | 2272612 |                 |
|  95 <>  96 | 2849476 |                 |
|  96 <>  97 | 2317178 |                 |
|  97 <>  98 | 2288276 |                 |
|  98 <>  99 | 3538586 |                 |
|  99 <> 100 | 3468714 |                 |
| 100 <> 101 | 3950906 |                 |
| 101 <> 102 | 4054054 |                 |
| 102 <> 103 | 3642640 |                 |
| 103 <> 104 | 3429068 |                 |
| 104 <> 105 | 4194286 |                 |
| 105 <> 106 | 2531838 |                 |
| 106 <> 107 | 3165960 |                 |
| 107 <> 108 | 3413550 |                 |
| 108 <> 109 | 2452658 |                 |
| 109 <> 110 | 2912710 |                 |
| 110 <> 111 | 2541692 |                 |
| 111 <> 112 | 2271242 |                 |
| 112 <> 113 | 2696450 |                 |
| 113 <> 114 | 1968590 |                 |
| 114 <> 115 | 2445214 |                 |
| 115 <> 116 | 2309090 |                 |
| 116 <> 117 | 2255776 |                 |
| 117 <> 118 | 2022812 |                 |
| 118 <> 119 | 1554210 |                 |
| 119 <> 120 | 2499964 |                 |
| 120 <> 121 | 2803210 |                 |
| 121 <> 122 | 2754072 |                 |
| 122 <> 123 | 2463486 |                 |
| 123 <> 124 | 2174336 |                 |
| 124 <> 125 | 2153324 |                 |
| 125 <> 126 | 2195348 |                 |
| 126 <> 127 | 1674868 |                 |
| 127 <> 128 | 2156064 |                 |
| 128 <> 129 | 2161676 |                 |
| 129 <> 130 | 2203832 |                 |
| 130 <> 131 | 1780060 |                 |
| 131 <> 132 | 1527190 |                 |
| 132 <> 133 |  619020 |                 |
| 133 <> 134 |  141802 |                 |
| 134 <> 135 |  277926 |                 |
| 135 <> 136 |    5612 |                 |
| 136 <> 137 |       0 |                 |
| 137 <> 138 |    1436 |                 |
| 138 <> 139 |       0 |                 |
| 139 <> 140 |    1436 |                 |
| 140 <> 141 |  194340 |                 |
| 141 <> 142 |  487270 |                 |
| 142 <> 143 |  905430 |                 |
| 143 <> 144 | 1144006 |                 |
| 144 <> 145 | 1647980 |                 |
| 145 <> 146 | 1437464 |                 |
| 146 <> 147 | 1706906 |                 |
| 147 <> 148 | 1370252 |                 |
| 148 <> 149 | 1452798 |                 |
| 149 <> 150 | 1377366 |                 |
| 150 <> 151 |  955872 |                 |
| 151 <> 152 |  951696 |                 |
| 152 <> 153 | 1044360 |                 |
| 153 <> 154 | 1156864 |                 |
| 154 <> 155 |  568842 |                 |
| 155 <> 156 | 1101272 |                 |
| 156 <> 157 |  998094 |                 |
| 157 <> 158 |  902624 |                 |
| 158 <> 159 |  466060 |                 |
| 159 <> 160 |  368048 |                 |
| 160 <> 161 |  211044 |                 |
| 161 <> 162 |  203534 |                 |
| 162 <> 163 |  874564 |                 |
| 163 <> 164 |  571846 |                 |
| 164 <> 165 |  843632 |                 |
| 165 <> 166 |  838020 |                 |
| 166 <> 167 | 1165084 |                 |
| 167 <> 168 | 1339122 |                 |
| 168 <> 169 | 1050104 |                 |
| 169 <> 170 |  568578 |                 |
| 170 <> 171 |  383184 |                 |
| 171 <> 172 |  477284 |                 |
| 172 <> 173 |    5744 |                 |
| 173 <> 174 |   62326 |                 |
| 174 <> 175 |  285238 |                 |
| 175 <> 176 |  481460 |                 |
| 176 <> 177 |  391800 |                 |
| 177 <> 178 |  610602 |                 |
| 178 <> 179 |  536210 |                 |
| 179 <> 180 |  540452 |                 |
| 180 <> 181 |  425340 |                 |
| 181 <> 182 |  491776 |                 |
| 182 <> 183 |  512656 |                 |
| 183 <> 184 |  478852 |                 |
| 184 <> 185 |  370656 |                 |
| 185 <> 186 |  388862 |                 |
| 186 <> 187 |  256848 |                 |
| 187 <> 188 |  348142 |                 |
| 188 <> 189 |  178280 |                 |
| 189 <> 190 |   88554 |                 |
| 190 <> 191 |   92862 |                 |
| 191 <> 192 |   71586 |                 |
| 192 <> 193 |  102518 |                 |
| 193 <> 194 |  204904 |                 |
| 194 <> 195 |   88818 |                 |
| 195 <> 196 |       0 |                 |
| 196 <> 197 |       0 |                 |
| 197 <> 198 |  173328 |                 |
| 198 <> 199 |   21144 |                 |
| 199 <> 200 |   43922 |                 |
| 200 <> 201 |  538108 |                 |
| 201 <> 202 |  532034 |                 |
| 202 <> 203 |  676708 |                 |
| 203 <> 204 |  794494 |                 |
| 204 <> 205 |  742550 |                 |
| 205 <> 206 |  860468 |                 |
| 206 <> 207 | 1179114 |                 |
| 207 <> 208 | 1232428 |                 |
| 208 <> 209 | 1211416 |                 |
| 209 <> 210 | 1757414 |                 |
| 210 <> 211 | 1871156 |                 |
| 211 <> 212 | 2703286 |                 |
| 212 <> 213 | 3356114 |                 |
| 213 <> 214 | 5155762 |                 |
| 214 <> 215 | 5854366 |                 |
| 215 <> 216 | 6035866 |                 |
| 216 <> 217 | 6844744 |                 |
| 217 <> 218 | 7081788 |                 |
| 218 <> 219 | 6041726 |                 |
| 219 <> 220 | 5754222 |                 |
| 220 <> 221 | 4791014 |                 |
| 221 <> 222 | 1256580 |                 |
| 222 <> 223 | 2540592 |                 |
| 223 <> 224 | 2870492 |                 |
| 224 <> 225 | 3048872 |                 |
| 225 <> 226 | 1325704 |                 |
| 226 <> 227 | 3569782 |                 |
| 227 <> 228 | 2796298 |                 |
| 228 <> 229 | 3345004 |                 |
| 229 <> 230 | 2939420 |                 |
| 230 <> 231 | 2577410 |                 |
| 231 <> 232 | 2155752 |                 |
| 232 <> 233 | 1034506 |                 |
| 233 <> 234 | 2077002 |                 |
| 234 <> 235 | 1522932 |                 |
| 235 <> 236 |  991640 |                 |
| 236 <> 237 | 1629164 |                 |
| 237 <> 238 | 1181144 |                 |
| 238 <> 239 | 2066206 |                 |
| 239 <> 240 | 1154752 |                 |
| 240 <> 241 | 1800940 |                 |
| 241 <> 242 | 1013494 |                 |
| 242 <> 243 |   39746 |                 |
| 243 <> 244 |   26954 |                 |
| 244 <> 245 |   17100 |                 |
| 245 <> 246 |       0 |                 |
| 246 <> 247 |       0 |                 |
| 247 <> 248 |       0 |                 |
| 248 <> 249 |       0 |                 |
| 249 <> 250 |   71982 |                 |
| 250 <> 251 |       0 |                 |
| 251 <> 252 |       0 |                 |
| 252 <> 253 |       0 |                 |
| 253 <> 254 |       0 |                 |
| 254 <> 255 |       0 |                 |
| 255 <> 256 |       0 |                 |
| 256 <> 257 |       0 |                 |
| 257 <> 258 |       0 |                 |
| 258 <> 259 |       0 |                 |
| 259 <> 260 |       0 |                 |
| 260 <> 261 |       0 |                 |
| 261 <> 262 |       0 |                 |
| 262 <> 263 |       0 |                 |
| 263 <> 264 |       0 |                 |
| 264 <> Dur |       0 |                 |
==========================================
