
==========================================
| IO Statistics                          |
|                                        |
| Duration: 265.270071 secs              |
| Interval:   1 secs                     |
|                                        |
| Col 1: BYTES()ip.src ==128.110.219.103 |
|----------------------------------------|
|            |1       |                  |
| Interval   |  BYTES |                  |
|---------------------|                  |
|   0 <>   1 |  33284 |                  |
|   1 <>   2 |  16704 |                  |
|   2 <>   3 |  38932 |                  |
|   3 <>   4 |  44324 |                  |
|   4 <>   5 |  29034 |                  |
|   5 <>   6 |  91344 |                  |
|   6 <>   7 | 131492 |                  |
|   7 <>   8 |  99432 |                  |
|   8 <>   9 | 201824 |                  |
|   9 <>  10 |  66288 |                  |
|  10 <>  11 | 132576 |                  |
|  11 <>  12 | 218264 |                  |
|  12 <>  13 | 181010 |                  |
|  13 <>  14 | 192190 |                  |
|  14 <>  15 | 134254 |                  |
|  15 <>  16 | 151976 |                  |
|  16 <>  17 |  15290 |                  |
|  17 <>  18 | 156350 |                  |
|  18 <>  19 | 143756 |                  |
|  19 <>  20 | 284684 |                  |
|  20 <>  21 |  67900 |                  |
|  21 <>  22 | 168680 |                  |
|  22 <>  23 |  48764 |                  |
|  23 <>  24 |  78948 |                  |
|  24 <>  25 |  74904 |                  |
|  25 <>  26 |  67702 |                  |
|  26 <>  27 |  27620 |                  |
|  27 <>  28 | 174204 |                  |
|  28 <>  29 |  66948 |                  |
|  29 <>  30 |  42910 |                  |
|  30 <>  31 |  76120 |                  |
|  31 <>  32 |  73292 |                  |
|  32 <>  33 | 135470 |                  |
|  33 <>  34 |  52610 |                  |
|  34 <>  35 | 117616 |                  |
|  35 <>  36 |  85622 |                  |
|  36 <>  37 |  11114 |                  |
|  37 <>  38 |  63592 |                  |
|  38 <>  39 | 102458 |                  |
|  39 <>  40 |  45672 |                  |
|  40 <>  41 |  63592 |                  |
|  41 <>  42 |  41628 |                  |
|  42 <>  43 |  74706 |                  |
|  43 <>  44 |  60896 |                  |
|  44 <>  45 |  66420 |                  |
|  45 <>  46 |  95322 |                  |
|  46 <>  47 |  76120 |                  |
|  47 <>  48 |  70530 |                  |
|  48 <>  49 |  78750 |                  |
|  49 <>  50 |  40082 |                  |
|  50 <>  51 | 100912 |                  |
|  51 <>  52 |  70464 |                  |
|  52 <>  53 |  74706 |                  |
|  53 <>  54 | 114854 |                  |
|  54 <>  55 |  92626 |                  |
|  55 <>  56 |  65072 |                  |
|  56 <>  57 |  52544 |                  |
|  57 <>  58 |  65138 |                  |
|  58 <>  59 |  34624 |                  |
|  59 <>  60 |  60962 |                  |
|  60 <>  61 | 104004 |                  |
|  61 <>  62 |  63724 |                  |
|  62 <>  63 |  58134 |                  |
|  63 <>  64 |  27686 |                  |
|  64 <>  65 |  45870 |                  |
|  65 <>  66 |  27686 |                  |
|  66 <>  67 |  24858 |                  |
|  67 <>  68 |  26338 |                  |
|  68 <>  69 |  18118 |                  |
|  69 <>  70 |  22162 |                  |
|  70 <>  71 |  42976 |                  |
|  71 <>  72 |  49848 |                  |
|  72 <>  73 |  26338 |                  |
|  73 <>  74 |  40082 |                  |
|  74 <>  75 |  53958 |                  |
|  75 <>  76 |  73226 |                  |
|  76 <>  77 |  99432 |                  |
|  77 <>  78 | 185186 |                  |
|  78 <>  79 |  34558 |                  |
|  79 <>  80 | 129880 |                  |
|  80 <>  81 | 193340 |                  |
|  81 <>  82 | 134254 |                  |
|  82 <>  83 |   7004 |                  |
|  83 <>  84 |  88582 |                  |
|  84 <>  85 | 132642 |                  |
|  85 <>  86 | 116070 |                  |
|  86 <>  87 | 127184 |                  |
|  87 <>  88 |  60896 |                  |
|  88 <>  89 |  62442 |                  |
|  89 <>  90 |  51130 |                  |
|  90 <>  91 |  22096 |                  |
|  91 <>  92 |  63658 |                  |
|  92 <>  93 |  59482 |                  |
|  93 <>  94 | 102656 |                  |
|  94 <>  95 |  66288 |                  |
|  95 <>  96 |  69380 |                  |
|  96 <>  97 |  56654 |                  |
|  97 <>  98 |  41430 |                  |
|  98 <>  99 |  67768 |                  |
|  99 <> 100 |  30448 |                  |
| 100 <> 101 |  67702 |                  |
| 101 <> 102 |  63790 |                  |
| 102 <> 103 |   5656 |                  |
| 103 <> 104 |  40082 |                  |
| 104 <> 105 | 109330 |                  |
| 105 <> 106 |  73226 |                  |
| 106 <> 107 | 156152 |                  |
| 107 <> 108 | 110678 |                  |
| 108 <> 109 |  98150 |                  |
| 109 <> 110 |  77468 |                  |
| 110 <> 111 |  64940 |                  |
| 111 <> 112 |  27686 |                  |
| 112 <> 113 |  40214 |                  |
| 113 <> 114 |  41694 |                  |
| 114 <> 115 |  60830 |                  |
| 115 <> 116 |  37386 |                  |
| 116 <> 117 |  58134 |                  |
| 117 <> 118 |  76054 |                  |
| 118 <> 119 |  59416 |                  |
| 119 <> 120 |  92626 |                  |
| 120 <> 121 |  55306 |                  |
| 121 <> 122 |  71944 |                  |
| 122 <> 123 |  76054 |                  |
| 123 <> 124 |  24924 |                  |
| 124 <> 125 |  64940 |                  |
| 125 <> 126 |  40280 |                  |
| 126 <> 127 |  47020 |                  |
| 127 <> 128 |  45606 |                  |
| 128 <> 129 |  59482 |                  |
| 129 <> 130 |  98216 |                  |
| 130 <> 131 |  80230 |                  |
| 131 <> 132 |  82926 |                  |
| 132 <> 133 |  84406 |                  |
| 133 <> 134 |  74640 |                  |
| 134 <> 135 |  72274 |                  |
| 135 <> 136 |  51130 |                  |
| 136 <> 137 |  59416 |                  |
| 137 <> 138 |  55306 |                  |
| 138 <> 139 |  73292 |                  |
| 139 <> 140 |  77402 |                  |
| 140 <> 141 | 124290 |                  |
| 141 <> 142 | 209978 |                  |
| 142 <> 143 | 295732 |                  |
| 143 <> 144 | 165786 |                  |
| 144 <> 145 | 136950 |                  |
| 145 <> 146 | 159178 |                  |
| 146 <> 147 | 165786 |                  |
| 147 <> 148 |  34558 |                  |
| 148 <> 149 |  33276 |                  |
| 149 <> 150 | 203106 |                  |
| 150 <> 151 | 276266 |                  |
| 151 <> 152 |  47020 |                  |
| 152 <> 153 | 131294 |                  |
| 153 <> 154 |  80230 |                  |
| 154 <> 155 |  20748 |                  |
| 155 <> 156 |  82926 |                  |
| 156 <> 157 |  93974 |                  |
| 157 <> 158 |  91212 |                  |
| 158 <> 159 |  58200 |                  |
| 159 <> 160 |  74706 |                  |
| 160 <> 161 |  96736 |                  |
| 161 <> 162 |  59482 |                  |
| 162 <> 163 |  65138 |                  |
| 163 <> 164 |  73292 |                  |
| 164 <> 165 |  93908 |                  |
| 165 <> 166 |  19400 |                  |
| 166 <> 167 | 121594 |                  |
| 167 <> 168 |  96670 |                  |
| 168 <> 169 |  87036 |                  |
| 169 <> 170 | 153390 |                  |
| 170 <> 171 | 262390 |                  |
| 171 <> 172 |  99432 |                  |
| 172 <> 173 | 156218 |                  |
| 173 <> 174 |  13810 |                  |
| 174 <> 175 | 168548 |                  |
| 175 <> 176 |  66354 |                  |
| 176 <> 177 | 305366 |                  |
| 177 <> 178 |  58002 |                  |
| 178 <> 179 | 109330 |                  |
| 179 <> 180 |  59416 |                  |
| 180 <> 181 |  80230 |                  |
| 181 <> 182 | 129880 |                  |
| 182 <> 183 | 145170 |                  |
| 183 <> 184 |  54090 |                  |
| 184 <> 185 |  60830 |                  |
| 185 <> 186 |  79080 |                  |
| 186 <> 187 |  69116 |                  |
| 187 <> 188 |  52478 |                  |
| 188 <> 189 |  52478 |                  |
| 189 <> 190 |  56654 |                  |
| 190 <> 191 |  66420 |                  |
| 191 <> 192 |  87102 |                  |
| 192 <> 193 | 110546 |                  |
| 193 <> 194 | 303886 |                  |
| 194 <> 195 | 256866 |                  |
| 195 <> 196 | 149214 |                  |
| 196 <> 197 | 353602 |                  |
| 197 <> 198 |  37320 |                  |
| 198 <> 199 | 276266 |                  |
| 199 <> 200 | 179728 |                  |
| 200 <> 201 | 110810 |                  |
| 201 <> 202 | 134122 |                  |
| 202 <> 203 |   1414 |                  |
| 203 <> 204 |  58266 |                  |
| 204 <> 205 |   5590 |                  |
| 205 <> 206 |  31994 |                  |
| 206 <> 207 |      0 |                  |
| 207 <> 208 |  58068 |                  |
| 208 <> 209 |      0 |                  |
| 209 <> 210 |  44258 |                  |
| 210 <> 211 |   2828 |                  |
| 211 <> 212 |   5656 |                  |
| 212 <> 213 |   5590 |                  |
| 213 <> 214 |  33408 |                  |
| 214 <> 215 |  54024 |                  |
| 215 <> 216 |  58134 |                  |
| 216 <> 217 |  22096 |                  |
| 217 <> 218 |  60764 |                  |
| 218 <> 219 |  85622 |                  |
| 219 <> 220 |  78816 |                  |
| 220 <> 221 |  60962 |                  |
| 221 <> 222 |   1414 |                  |
| 222 <> 223 |  48500 |                  |
| 223 <> 224 |  62244 |                  |
| 224 <> 225 |  34822 |                  |
| 225 <> 226 |   2828 |                  |
| 226 <> 227 |  51328 |                  |
| 227 <> 228 |   8352 |                  |
| 228 <> 229 |  26338 |                  |
| 229 <> 230 |  63724 |                  |
| 230 <> 231 | 108048 |                  |
| 231 <> 232 |  30382 |                  |
| 232 <> 233 |  37386 |                  |
| 233 <> 234 |  89930 |                  |
| 234 <> 235 |  26338 |                  |
| 235 <> 236 |  87102 |                  |
| 236 <> 237 |  51262 |                  |
| 237 <> 238 |  53958 |                  |
| 238 <> 239 |  74772 |                  |
| 239 <> 240 |  56852 |                  |
| 240 <> 241 |  19400 |                  |
| 241 <> 242 |  38668 |                  |
| 242 <> 243 |  41430 |                  |
| 243 <> 244 |  45672 |                  |
| 244 <> 245 |   5656 |                  |
| 245 <> 246 |  27752 |                  |
| 246 <> 247 |  17986 |                  |
| 247 <> 248 |  41430 |                  |
| 248 <> 249 |  73424 |                  |
| 249 <> 250 |  48368 |                  |
| 250 <> 251 |  29100 |                  |
| 251 <> 252 |  27818 |                  |
| 252 <> 253 |  13810 |                  |
| 253 <> 254 |  49914 |                  |
| 254 <> 255 |  41562 |                  |
| 255 <> 256 |   9766 |                  |
| 256 <> 257 |  35906 |                  |
| 257 <> 258 |  48434 |                  |
| 258 <> 259 |  49782 |                  |
| 259 <> 260 |  41430 |                  |
| 260 <> 261 |  12528 |                  |
| 261 <> 262 |  52742 |                  |
| 262 <> 263 |  16638 |                  |
| 263 <> 264 |   5524 |                  |
| 264 <> 265 |      0 |                  |
| 265 <> Dur |      0 |                  |
==========================================
