
==========================================
| IO Statistics                          |
|                                        |
| Duration: 154.938324 secs              |
| Interval:   1 secs                     |
|                                        |
| Col 1: BYTES()ip.src ==128.110.219.103 |
|----------------------------------------|
|            |1        |                 |
| Interval   |  BYTES  |                 |
|----------------------|                 |
|   0 <>   1 | 2595024 |                 |
|   1 <>   2 | 3321706 |                 |
|   2 <>   3 | 4260942 |                 |
|   3 <>   4 | 4446152 |                 |
|   4 <>   5 | 3621398 |                 |
|   5 <>   6 | 2410322 |                 |
|   6 <>   7 | 1891194 |                 |
|   7 <>   8 | 2144840 |                 |
|   8 <>   9 | 2803210 |                 |
|   9 <>  10 | 2406376 |                 |
|  10 <>  11 | 1707286 |                 |
|  11 <>  12 | 2314768 |                 |
|  12 <>  13 | 2802930 |                 |
|  13 <>  14 | 2159068 |                 |
|  14 <>  15 | 2212316 |                 |
|  15 <>  16 | 2088390 |                 |
|  16 <>  17 | 1906264 |                 |
|  17 <>  18 | 2352616 |                 |
|  18 <>  19 | 2352616 |                 |
|  19 <>  20 | 1496390 |                 |
|  20 <>  21 | 2283836 |                 |
|  21 <>  22 | 2278224 |                 |
|  22 <>  23 | 1886556 |                 |
|  23 <>  24 | 1072816 |                 |
|  24 <>  25 | 1087952 |                 |
|  25 <>  26 | 1438768 |                 |
|  26 <>  27 | 1866914 |                 |
|  27 <>  28 | 1580570 |                 |
|  28 <>  29 | 1465458 |                 |
|  29 <>  30 | 1247960 |                 |
|  30 <>  31 | 1657768 |                 |
|  31 <>  32 | 2432620 |                 |
|  32 <>  33 | 1795328 |                 |
|  33 <>  34 | 3209158 |                 |
|  34 <>  35 | 2512692 |                 |
|  35 <>  36 | 3163060 |                 |
|  36 <>  37 | 4010788 |                 |
|  37 <>  38 | 3851722 |                 |
|  38 <>  39 | 3771010 |                 |
|  39 <>  40 | 4083086 |                 |
|  40 <>  41 | 3862402 |                 |
|  41 <>  42 | 1514286 |                 |
|  42 <>  43 | 3583892 |                 |
|  43 <>  44 | 3710018 |                 |
|  44 <>  45 | 4183378 |                 |
|  45 <>  46 | 3547700 |                 |
|  46 <>  47 | 2640006 |                 |
|  47 <>  48 | 3830268 |                 |
|  48 <>  49 | 5290322 |                 |
|  49 <>  50 | 4751368 |                 |
|  50 <>  51 | 4531060 |                 |
|  51 <>  52 | 3914280 |                 |
|  52 <>  53 | 4227680 |                 |
|  53 <>  54 | 4995128 |                 |
|  54 <>  55 | 3817754 |                 |
|  55 <>  56 | 4118838 |                 |
|  56 <>  57 | 3910154 |                 |
|  57 <>  58 | 4772114 |                 |
|  58 <>  59 | 2967844 |                 |
|  59 <>  60 | 2071884 |                 |
|  60 <>  61 | 1534238 |                 |
|  61 <>  62 | 1539850 |                 |
|  62 <>  63 | 2815394 |                 |
|  63 <>  64 | 3624698 |                 |
|  64 <>  65 | 3314054 |                 |
|  65 <>  66 | 3579072 |                 |
|  66 <>  67 | 3795304 |                 |
|  67 <>  68 | 3518286 |                 |
|  68 <>  69 | 4480420 |                 |
|  69 <>  70 | 4559302 |                 |
|  70 <>  71 | 4841640 |                 |
|  71 <>  72 | 2998378 |                 |
|  72 <>  73 | 2058762 |                 |
|  73 <>  74 | 2262758 |                 |
|  74 <>  75 | 2282400 |                 |
|  75 <>  76 | 2100472 |                 |
|  76 <>  77 | 1814970 |                 |
|  77 <>  78 | 2215056 |                 |
|  78 <>  79 | 2229086 |                 |
|  79 <>  80 | 1815564 |                 |
|  80 <>  81 | 1110334 |                 |
|  81 <>  82 | 1089256 |                 |
|  82 <>  83 |  888528 |                 |
|  83 <>  84 | 1624096 |                 |
|  84 <>  85 | 2601046 |                 |
|  85 <>  86 | 2429814 |                 |
|  86 <>  87 | 1903986 |                 |
|  87 <>  88 | 2332974 |                 |
|  88 <>  89 | 2535072 |                 |
|  89 <>  90 | 2975812 |                 |
|  90 <>  91 | 2867814 |                 |
|  91 <>  92 | 2557520 |                 |
|  92 <>  93 | 3051640 |                 |
|  93 <>  94 | 2954800 |                 |
|  94 <>  95 | 2855154 |                 |
|  95 <>  96 | 2972924 |                 |
|  96 <>  97 | 3642722 |                 |
|  97 <>  98 | 4212050 |                 |
|  98 <>  99 | 3237386 |                 |
|  99 <> 100 | 3547530 |                 |
| 100 <> 101 | 3875210 |                 |
| 101 <> 102 | 3532878 |                 |
| 102 <> 103 | 2553938 |                 |
| 103 <> 104 | 2572986 |                 |
| 104 <> 105 | 2601046 |                 |
| 105 <> 106 | 2697886 |                 |
| 106 <> 107 | 3189200 |                 |
| 107 <> 108 | 3145740 |                 |
| 108 <> 109 | 3026386 |                 |
| 109 <> 110 | 3251774 |                 |
| 110 <> 111 | 2680326 |                 |
| 111 <> 112 |  547434 |                 |
| 112 <> 113 |  332676 |                 |
| 113 <> 114 |  711700 |                 |
| 114 <> 115 | 1712518 |                 |
| 115 <> 116 | 2092962 |                 |
| 116 <> 117 | 2116780 |                 |
| 117 <> 118 | 1922654 |                 |
| 118 <> 119 | 1998862 |                 |
| 119 <> 120 | 2001668 |                 |
| 120 <> 121 | 2313332 |                 |
| 121 <> 122 | 2181318 |                 |
| 122 <> 123 | 2358228 |                 |
| 123 <> 124 | 2119586 |                 |
| 124 <> 125 | 2734430 |                 |
| 125 <> 126 | 2233328 |                 |
| 126 <> 127 | 1700386 |                 |
| 127 <> 128 | 1761656 |                 |
| 128 <> 129 | 2115410 |                 |
| 129 <> 130 | 2147646 |                 |
| 130 <> 131 | 2389094 |                 |
| 131 <> 132 | 2391900 |                 |
| 132 <> 133 | 2125198 |                 |
| 133 <> 134 | 2539314 |                 |
| 134 <> 135 | 2045656 |                 |
| 135 <> 136 | 1688700 |                 |
| 136 <> 137 | 1989008 |                 |
| 137 <> 138 | 2146276 |                 |
| 138 <> 139 | 2053612 |                 |
| 139 <> 140 | 1928910 |                 |
| 140 <> 141 | 2022680 |                 |
| 141 <> 142 | 2418590 |                 |
| 142 <> 143 | 2435426 |                 |
| 143 <> 144 | 2363840 |                 |
| 144 <> 145 | 2352616 |                 |
| 145 <> 146 | 2617882 |                 |
| 146 <> 147 | 1267536 |                 |
| 147 <> 148 | 1076662 |                 |
| 148 <> 149 |  664378 |                 |
| 149 <> 150 | 2101446 |                 |
| 150 <> 151 | 1945168 |                 |
| 151 <> 152 | 2113974 |                 |
| 152 <> 153 | 1876768 |                 |
| 153 <> 154 | 2177142 |                 |
| 154 <> Dur | 1385520 |                 |
==========================================
