
==========================================
| IO Statistics                          |
|                                        |
| Duration: 168.246137 secs              |
| Interval:   1 secs                     |
|                                        |
| Col 1: BYTES()ip.src ==128.110.219.103 |
|----------------------------------------|
|            |1        |                 |
| Interval   |  BYTES  |                 |
|----------------------|                 |
|   0 <>   1 |     148 |                 |
|   1 <>   2 |      74 |                 |
|   2 <>   3 |      74 |                 |
|   3 <>   4 |      74 |                 |
|   4 <>   5 |       0 |                 |
|   5 <>   6 |    1480 |                 |
|   6 <>   7 |       0 |                 |
|   7 <>   8 |       0 |                 |
|   8 <>   9 |       0 |                 |
|   9 <>  10 |       0 |                 |
|  10 <>  11 |       0 |                 |
|  11 <>  12 |    2828 |                 |
|  12 <>  13 |       0 |                 |
|  13 <>  14 |    5590 |                 |
|  14 <>  15 |       0 |                 |
|  15 <>  16 |       0 |                 |
|  16 <>  17 |   11048 |                 |
|  17 <>  18 |       0 |                 |
|  18 <>  19 |       0 |                 |
|  19 <>  20 |       0 |                 |
|  20 <>  21 |   22096 |                 |
|  21 <>  22 |       0 |                 |
|  22 <>  23 |       0 |                 |
|  23 <>  24 |       0 |                 |
|  24 <>  25 |       0 |                 |
|  25 <>  26 |       0 |                 |
|  26 <>  27 |   11048 |                 |
|  27 <>  28 |   33144 |                 |
|  28 <>  29 |       0 |                 |
|  29 <>  30 |       0 |                 |
|  30 <>  31 |   31796 |                 |
|  31 <>  32 |   47020 |                 |
|  32 <>  33 |       0 |                 |
|  33 <>  34 |       0 |                 |
|  34 <>  35 |   47020 |                 |
|  35 <>  36 |       0 |                 |
|  36 <>  37 |   71812 |                 |
|  37 <>  38 |       0 |                 |
|  38 <>  39 |   64940 |                 |
|  39 <>  40 |       0 |                 |
|  40 <>  41 |   74640 |                 |
|  41 <>  42 |       0 |                 |
|  42 <>  43 |       0 |                 |
|  43 <>  44 |   98150 |                 |
|  44 <>  45 |   26272 |                 |
|  45 <>  46 |       0 |                 |
|  46 <>  47 |       0 |                 |
|  47 <>  48 |  106370 |                 |
|  48 <>  49 |       0 |                 |
|  49 <>  50 |       0 |                 |
|  50 <>  51 |   31862 |                 |
|  51 <>  52 |       0 |                 |
|  52 <>  53 |   35972 |                 |
|  53 <>  54 |       0 |                 |
|  54 <>  55 |       0 |                 |
|  55 <>  56 |       0 |                 |
|  56 <>  57 |       0 |                 |
|  57 <>  58 |   34624 |                 |
|  58 <>  59 |       0 |                 |
|  59 <>  60 |   23576 |                 |
|  60 <>  61 |       0 |                 |
|  61 <>  62 |       0 |                 |
|  62 <>  63 |       0 |                 |
|  63 <>  64 |       0 |                 |
|  64 <>  65 |       0 |                 |
|  65 <>  66 |   29100 |                 |
|  66 <>  67 |    1414 |                 |
|  67 <>  68 |       0 |                 |
|  68 <>  69 |       0 |                 |
|  69 <>  70 |   34558 |                 |
|  70 <>  71 |    2762 |                 |
|  71 <>  72 |       0 |                 |
|  72 <>  73 |   53892 |                 |
|  73 <>  74 |   35972 |                 |
|  74 <>  75 |       0 |                 |
|  75 <>  76 |   49782 |                 |
|  76 <>  77 |       0 |                 |
|  77 <>  78 |   55240 |                 |
|  78 <>  79 |       0 |                 |
|  79 <>  80 |       0 |                 |
|  80 <>  81 |   38734 |                 |
|  81 <>  82 |   26338 |                 |
|  82 <>  83 |       0 |                 |
|  83 <>  84 |   31796 |                 |
|  84 <>  85 |       0 |                 |
|  85 <>  86 |   31862 |                 |
|  86 <>  87 |       0 |                 |
|  87 <>  88 |   40082 |                 |
|  88 <>  89 |   60764 |                 |
|  89 <>  90 |   58134 |                 |
|  90 <>  91 |   16572 |                 |
|  91 <>  92 |  111960 |                 |
|  92 <>  93 |       0 |                 |
|  93 <>  94 |  123074 |                 |
|  94 <>  95 |  777932 |                 |
|  95 <>  96 |  908698 |                 |
|  96 <>  97 | 1085532 |                 |
|  97 <>  98 |  986232 |                 |
|  98 <>  99 | 1071656 |                 |
|  99 <> 100 | 1143468 |                 |
| 100 <> 101 | 1151886 |                 |
| 101 <> 102 | 1328522 |                 |
| 102 <> 103 | 1516470 |                 |
| 103 <> 104 | 1908608 |                 |
| 104 <> 105 | 2797972 |                 |
| 105 <> 106 | 3446522 |                 |
| 106 <> 107 | 3498912 |                 |
| 107 <> 108 | 3924182 |                 |
| 108 <> 109 | 2523940 |                 |
| 109 <> 110 | 2711350 |                 |
| 110 <> 111 | 3513676 |                 |
| 111 <> 112 | 3229322 |                 |
| 112 <> 113 | 3419788 |                 |
| 113 <> 114 | 1894496 |                 |
| 114 <> 115 | 2114014 |                 |
| 115 <> 116 | 2645996 |                 |
| 116 <> 117 | 1781556 |                 |
| 117 <> 118 | 2792250 |                 |
| 118 <> 119 | 1348384 |                 |
| 119 <> 120 | 2100996 |                 |
| 120 <> 121 | 2720570 |                 |
| 121 <> 122 | 2878004 |                 |
| 122 <> 123 | 2529992 |                 |
| 123 <> 124 | 2027308 |                 |
| 124 <> 125 | 2850384 |                 |
| 125 <> 126 | 2402940 |                 |
| 126 <> 127 | 3145918 |                 |
| 127 <> 128 | 2946262 |                 |
| 128 <> 129 | 2182112 |                 |
| 129 <> 130 | 2763838 |                 |
| 130 <> 131 | 3855634 |                 |
| 131 <> 132 | 4687236 |                 |
| 132 <> 133 | 4350528 |                 |
| 133 <> 134 | 5166482 |                 |
| 134 <> 135 | 5061434 |                 |
| 135 <> 136 | 3137448 |                 |
| 136 <> 137 | 2001856 |                 |
| 137 <> 138 | 3435982 |                 |
| 138 <> 139 | 3972872 |                 |
| 139 <> 140 | 2310124 |                 |
| 140 <> 141 | 1680154 |                 |
| 141 <> 142 |  956642 |                 |
| 142 <> 143 | 1361666 |                 |
| 143 <> 144 | 1463926 |                 |
| 144 <> 145 | 1662790 |                 |
| 145 <> 146 |  781646 |                 |
| 146 <> 147 |  718120 |                 |
| 147 <> 148 | 1057912 |                 |
| 148 <> 149 | 1223566 |                 |
| 149 <> 150 |  761096 |                 |
| 150 <> 151 |  290340 |                 |
| 151 <> 152 |  459906 |                 |
| 152 <> 153 |  232140 |                 |
| 153 <> 154 |  154870 |                 |
| 154 <> 155 |  131690 |                 |
| 155 <> 156 |  196300 |                 |
| 156 <> 157 |  163156 |                 |
| 157 <> 158 |  228096 |                 |
| 158 <> 159 |  225268 |                 |
| 159 <> 160 |   36170 |                 |
| 160 <> 161 |  184102 |                 |
| 161 <> 162 |  113506 |                 |
| 162 <> 163 |  172724 |                 |
| 163 <> 164 |   92824 |                 |
| 164 <> 165 |   81710 |                 |
| 165 <> 166 |   65072 |                 |
| 166 <> 167 |   59548 |                 |
| 167 <> 168 |   19466 |                 |
| 168 <> Dur |       0 |                 |
==========================================
