
==========================================
| IO Statistics                          |
|                                        |
| Duration: 268.951076 secs              |
| Interval:   1 secs                     |
|                                        |
| Col 1: BYTES()ip.src ==128.110.219.103 |
|----------------------------------------|
|            |1        |                 |
| Interval   |  BYTES  |                 |
|----------------------|                 |
|   0 <>   1 |  622098 |                 |
|   1 <>   2 |  888594 |                 |
|   2 <>   3 | 1264796 |                 |
|   3 <>   4 |  756712 |                 |
|   4 <>   5 |  818378 |                 |
|   5 <>   6 | 1242414 |                 |
|   6 <>   7 | 1524450 |                 |
|   7 <>   8 | 1500698 |                 |
|   8 <>   9 | 1218398 |                 |
|   9 <>  10 | 1240912 |                 |
|  10 <>  11 |  671426 |                 |
|  11 <>  12 |  504370 |                 |
|  12 <>  13 |  422666 |                 |
|  13 <>  14 |  129142 |                 |
|  14 <>  15 |  214890 |                 |
|  15 <>  16 |  350040 |                 |
|  16 <>  17 |  276556 |                 |
|  17 <>  18 |  212018 |                 |
|  18 <>  19 |    1436 |                 |
|  19 <>  20 |    1436 |                 |
|  20 <>  21 |       0 |                 |
|  21 <>  22 |    1436 |                 |
|  22 <>  23 |       0 |                 |
|  23 <>  24 |       0 |                 |
|  24 <>  25 |       0 |                 |
|  25 <>  26 |    1436 |                 |
|  26 <>  27 |       0 |                 |
|  27 <>  28 |       0 |                 |
|  28 <>  29 |       0 |                 |
|  29 <>  30 |       0 |                 |
|  30 <>  31 |       0 |                 |
|  31 <>  32 |       0 |                 |
|  32 <>  33 |       0 |                 |
|  33 <>  34 |       0 |                 |
|  34 <>  35 |    1436 |                 |
|  35 <>  36 |       0 |                 |
|  36 <>  37 |       0 |                 |
|  37 <>  38 |       0 |                 |
|  38 <>  39 |       0 |                 |
|  39 <>  40 |       0 |                 |
|  40 <>  41 |       0 |                 |
|  41 <>  42 |       0 |                 |
|  42 <>  43 |       0 |                 |
|  43 <>  44 |       0 |                 |
|  44 <>  45 |       0 |                 |
|  45 <>  46 |       0 |                 |
|  46 <>  47 |       0 |                 |
|  47 <>  48 |       0 |                 |
|  48 <>  49 |       0 |                 |
|  49 <>  50 |       0 |                 |
|  50 <>  51 |       0 |                 |
|  51 <>  52 |       0 |                 |
|  52 <>  53 |       0 |                 |
|  53 <>  54 |  192442 |                 |
|  54 <>  55 | 1127170 |                 |
|  55 <>  56 | 1761590 |                 |
|  56 <>  57 | 1631012 |                 |
|  57 <>  58 | 1631078 |                 |
|  58 <>  59 | 1241110 |                 |
|  59 <>  60 | 1325092 |                 |
|  60 <>  61 | 1666186 |                 |
|  61 <>  62 | 1659204 |                 |
|  62 <>  63 | 1800940 |                 |
|  63 <>  64 | 1984832 |                 |
|  64 <>  65 | 2036776 |                 |
|  65 <>  66 | 2185560 |                 |
|  66 <>  67 | 2188366 |                 |
|  67 <>  68 | 2300078 |                 |
|  68 <>  69 | 1831806 |                 |
|  69 <>  70 | 2391900 |                 |
|  70 <>  71 | 2721770 |                 |
|  71 <>  72 | 2693710 |                 |
|  72 <>  73 | 2610900 |                 |
|  73 <>  74 | 2161214 |                 |
|  74 <>  75 | 2191172 |                 |
|  75 <>  76 | 2507012 |                 |
|  76 <>  77 | 2328798 |                 |
|  77 <>  78 | 2220602 |                 |
|  78 <>  79 | 2486314 |                 |
|  79 <>  80 | 2168724 |                 |
|  80 <>  81 | 2417154 |                 |
|  81 <>  82 | 2599676 |                 |
|  82 <>  83 | 1465986 |                 |
|  83 <>  84 | 1497760 |                 |
|  84 <>  85 | 1510420 |                 |
|  85 <>  86 | 1628272 |                 |
|  86 <>  87 | 1850078 |                 |
|  87 <>  88 | 1691638 |                 |
|  88 <>  89 | 1653592 |                 |
|  89 <>  90 | 1664750 |                 |
|  90 <>  91 | 1942742 |                 |
|  91 <>  92 | 1982026 |                 |
|  92 <>  93 | 1758850 |                 |
|  93 <>  94 | 2227650 |                 |
|  94 <>  95 | 2464922 |                 |
|  95 <>  96 | 2179948 |                 |
|  96 <>  97 | 1824824 |                 |
|  97 <>  98 | 2114552 |                 |
|  98 <>  99 | 3060110 |                 |
|  99 <> 100 | 3546740 |                 |
| 100 <> 101 | 4735982 |                 |
| 101 <> 102 | 4510926 |                 |
| 102 <> 103 | 5421992 |                 |
| 103 <> 104 | 7707314 |                 |
| 104 <> 105 | 7383236 |                 |
| 105 <> 106 | 6747408 |                 |
| 106 <> 107 | 2652060 |                 |
| 107 <> 108 | 3712764 |                 |
| 108 <> 109 | 5260016 |                 |
| 109 <> 110 | 5270696 |                 |
| 110 <> 111 | 4259818 |                 |
| 111 <> 112 | 4926034 |                 |
| 112 <> 113 | 4750326 |                 |
| 113 <> 114 | 3754734 |                 |
| 114 <> 115 | 2954886 |                 |
| 115 <> 116 | 2655796 |                 |
| 116 <> 117 | 2834076 |                 |
| 117 <> 118 | 2922498 |                 |
| 118 <> 119 | 2902856 |                 |
| 119 <> 120 | 2929546 |                 |
| 120 <> 121 | 2807750 |                 |
| 121 <> 122 | 1548268 |                 |
| 122 <> 123 | 2866378 |                 |
| 123 <> 124 | 2900050 |                 |
| 124 <> 125 | 2205202 |                 |
| 125 <> 126 | 2415784 |                 |
| 126 <> 127 | 1937790 |                 |
| 127 <> 128 | 2850912 |                 |
| 128 <> 129 | 3355662 |                 |
| 129 <> 130 | 3345596 |                 |
| 130 <> 131 | 2969722 |                 |
| 131 <> 132 | 2884898 |                 |
| 132 <> 133 | 2800652 |                 |
| 133 <> 134 | 2888826 |                 |
| 134 <> 135 | 3081202 |                 |
| 135 <> 136 | 3396698 |                 |
| 136 <> 137 | 3125114 |                 |
| 137 <> 138 | 3013446 |                 |
| 138 <> 139 | 3973104 |                 |
| 139 <> 140 | 3380740 |                 |
| 140 <> 141 | 2716158 |                 |
| 141 <> 142 | 2121022 |                 |
| 142 <> 143 | 1180748 |                 |
| 143 <> 144 |  371118 |                 |
| 144 <> 145 |  119882 |                 |
| 145 <> 146 | 1088348 |                 |
| 146 <> 147 |  854856 |                 |
| 147 <> 148 |  817008 |                 |
| 148 <> 149 | 1170696 |                 |
| 149 <> 150 | 1138460 |                 |
| 150 <> 151 | 1384084 |                 |
| 151 <> 152 | 1257682 |                 |
| 152 <> 153 | 1542656 |                 |
| 153 <> 154 | 2525284 |                 |
| 154 <> 155 | 3418338 |                 |
| 155 <> 156 | 4505064 |                 |
| 156 <> 157 | 4040220 |                 |
| 157 <> 158 | 3352498 |                 |
| 158 <> 159 | 3580924 |                 |
| 159 <> 160 | 1993632 |                 |
| 160 <> 161 | 1718130 |                 |
| 161 <> 162 |  676576 |                 |
| 162 <> 163 |  870454 |                 |
| 163 <> 164 |  336208 |                 |
| 164 <> 165 |  771352 |                 |
| 165 <> 166 | 2055488 |                 |
| 166 <> 167 |  362124 |                 |
| 167 <> 168 |  693216 |                 |
| 168 <> 169 | 3958884 |                 |
| 169 <> 170 | 3516932 |                 |
| 170 <> 171 | 2566354 |                 |
| 171 <> 172 | 3004866 |                 |
| 172 <> 173 | 4005986 |                 |
| 173 <> 174 | 3537234 |                 |
| 174 <> 175 | 3363492 |                 |
| 175 <> 176 | 2719576 |                 |
| 176 <> 177 | 3974344 |                 |
| 177 <> 178 | 3646716 |                 |
| 178 <> 179 | 1850592 |                 |
| 179 <> 180 |  693412 |                 |
| 180 <> 181 | 1462124 |                 |
| 181 <> 182 | 1019766 |                 |
| 182 <> 183 |  412878 |                 |
| 183 <> 184 | 1040778 |                 |
| 184 <> 185 | 1508984 |                 |
| 185 <> 186 | 2250164 |                 |
| 186 <> 187 | 1673168 |                 |
| 187 <> 188 | 1591794 |                 |
| 188 <> 189 | 1583376 |                 |
| 189 <> 190 | 1326528 |                 |
| 190 <> 191 | 1187532 |                 |
| 191 <> 192 | 1388260 |                 |
| 192 <> 193 | 1650786 |                 |
| 193 <> 194 | 1409272 |                 |
| 194 <> 195 |  922926 |                 |
| 195 <> 196 |  885722 |                 |
| 196 <> 197 | 1197386 |                 |
| 197 <> 198 |  369154 |                 |
| 198 <> 199 |  428146 |                 |
| 199 <> 200 |       0 |                 |
| 200 <> 201 |  211952 |                 |
| 201 <> 202 |  332676 |                 |
| 202 <> 203 |   94034 |                 |
| 203 <> 204 |       0 |                 |
| 204 <> 205 |  129406 |                 |
| 205 <> 206 |    4242 |                 |
| 206 <> 207 |  282960 |                 |
| 207 <> 208 |  175606 |                 |
| 208 <> 209 |  604990 |                 |
| 209 <> 210 |  402182 |                 |
| 210 <> 211 |  390628 |                 |
| 211 <> 212 |  303180 |                 |
| 212 <> 213 |  241448 |                 |
| 213 <> 214 |  143172 |                 |
| 214 <> 215 |   63168 |                 |
| 215 <> 216 |   11224 |                 |
| 216 <> 217 |  158638 |                 |
| 217 <> 218 |  287070 |                 |
| 218 <> 219 | 2717926 |                 |
| 219 <> 220 | 1262122 |                 |
| 220 <> 221 |  817074 |                 |
| 221 <> 222 |  822620 |                 |
| 222 <> 223 | 1037312 |                 |
| 223 <> 224 | 1085080 |                 |
| 224 <> 225 | 1257682 |                 |
| 225 <> 226 | 1396678 |                 |
| 226 <> 227 | 1657768 |                 |
| 227 <> 228 | 1796764 |                 |
| 228 <> 229 | 1952530 |                 |
| 229 <> 230 | 2817240 |                 |
| 230 <> 231 | 3533352 |                 |
| 231 <> 232 | 4550076 |                 |
| 232 <> 233 | 3879436 |                 |
| 233 <> 234 | 1693918 |                 |
| 234 <> 235 | 1639562 |                 |
| 235 <> 236 | 1942676 |                 |
| 236 <> 237 | 3489448 |                 |
| 237 <> 238 | 4288158 |                 |
| 238 <> 239 | 3141500 |                 |
| 239 <> 240 | 3370290 |                 |
| 240 <> 241 | 3627024 |                 |
| 241 <> 242 | 2854050 |                 |
| 242 <> 243 | 3103950 |                 |
| 243 <> 244 | 3503560 |                 |
| 244 <> 245 | 3204670 |                 |
| 245 <> 246 | 3937388 |                 |
| 246 <> 247 | 3880130 |                 |
| 247 <> 248 | 3979396 |                 |
| 248 <> 249 | 1907074 |                 |
| 249 <> 250 | 1713888 |                 |
| 250 <> 251 | 1676040 |                 |
| 251 <> 252 | 1642368 |                 |
| 252 <> 253 | 1469634 |                 |
| 253 <> 254 |  861904 |                 |
| 254 <> 255 | 1009252 |                 |
| 255 <> 256 | 1344800 |                 |
| 256 <> 257 | 1523014 |                 |
| 257 <> 258 | 1416320 |                 |
| 258 <> 259 |  335482 |                 |
| 259 <> 260 |   18272 |                 |
| 260 <> 261 |   22712 |                 |
| 261 <> 262 |   15664 |                 |
| 262 <> 263 |   17100 |                 |
| 263 <> 264 |   22580 |                 |
| 264 <> 265 |  183710 |                 |
| 265 <> 266 | 1300366 |                 |
| 266 <> 267 | 1927276 |                 |
| 267 <> 268 | 2186204 |                 |
| 268 <> Dur |  931080 |                 |
==========================================
