
==========================================
| IO Statistics                          |
|                                        |
| Duration: 275.118218 secs              |
| Interval:   1 secs                     |
|                                        |
| Col 1: BYTES()ip.src ==128.110.219.103 |
|----------------------------------------|
|            |1       |                  |
| Interval   |  BYTES |                  |
|---------------------|                  |
|   0 <>   1 |  13950 |                  |
|   1 <>   2 |  36050 |                  |
|   2 <>   3 | 107718 |                  |
|   3 <>   4 | 220960 |                  |
|   4 <>   5 | 207150 |                  |
|   5 <>   6 | 109396 |                  |
|   6 <>   7 |  44324 |                  |
|   7 <>   8 | 107718 |                  |
|   8 <>   9 | 109132 |                  |
|   9 <>  10 | 123140 |                  |
|  10 <>  11 |  16572 |                  |
|  11 <>  12 |  51262 |                  |
|  12 <>  13 |  66420 |                  |
|  13 <>  14 |  38800 |                  |
|  14 <>  15 |  87168 |                  |
|  15 <>  16 | 103674 |                  |
|  16 <>  17 |  77534 |                  |
|  17 <>  18 |  15224 |                  |
|  18 <>  19 |  99630 |                  |
|  19 <>  20 |  48434 |                  |
|  20 <>  21 |  92560 |                  |
|  21 <>  22 |  63526 |                  |
|  22 <>  23 |  73292 |                  |
|  23 <>  24 |  73424 |                  |
|  24 <>  25 |  70530 |                  |
|  25 <>  26 |  66354 |                  |
|  26 <>  27 | 118964 |                  |
|  27 <>  28 | 193538 |                  |
|  28 <>  29 | 121528 |                  |
|  29 <>  30 |  76054 |                  |
|  30 <>  31 |  19334 |                  |
|  31 <>  32 |  87102 |                  |
|  32 <>  33 | 157566 |                  |
|  33 <>  34 |  96802 |                  |
|  34 <>  35 |  76054 |                  |
|  35 <>  36 |  88582 |                  |
|  36 <>  37 |  55372 |                  |
|  37 <>  38 | 106634 |                  |
|  38 <>  39 |  26404 |                  |
|  39 <>  40 |  76252 |                  |
|  40 <>  41 |  49848 |                  |
|  41 <>  42 |  56720 |                  |
|  42 <>  43 | 103740 |                  |
|  43 <>  44 | 120378 |                  |
|  44 <>  45 |  85688 |                  |
|  45 <>  46 | 113242 |                  |
|  46 <>  47 |  56852 |                  |
|  47 <>  48 |  23510 |                  |
|  48 <>  49 |  81578 |                  |
|  49 <>  50 |   8286 |                  |
|  50 <>  51 |  16638 |                  |
|  51 <>  52 |  11048 |                  |
|  52 <>  53 |  31994 |                  |
|  53 <>  54 | 123074 |                  |
|  54 <>  55 |  81578 |                  |
|  55 <>  56 |  78882 |                  |
|  56 <>  57 |  77534 |                  |
|  57 <>  58 |  78816 |                  |
|  58 <>  59 |  73226 |                  |
|  59 <>  60 | 203304 |                  |
|  60 <>  61 | 134056 |                  |
|  61 <>  62 |  22096 |                  |
|  62 <>  63 | 204454 |                  |
|  63 <>  64 |  60896 |                  |
|  64 <>  65 | 131624 |                  |
|  65 <>  66 | 179926 |                  |
|  66 <>  67 | 139712 |                  |
|  67 <>  68 |  44324 |                  |
|  68 <>  69 |  51130 |                  |
|  69 <>  70 |  34690 |                  |
|  70 <>  71 |  75988 |                  |
|  71 <>  72 |  40214 |                  |
|  72 <>  73 |  36104 |                  |
|  73 <>  74 |  63856 |                  |
|  74 <>  75 |  37320 |                  |
|  75 <>  76 |  36038 |                  |
|  76 <>  77 |  34756 |                  |
|  77 <>  78 |  41496 |                  |
|  78 <>  79 |  65204 |                  |
|  79 <>  80 |  33144 |                  |
|  80 <>  81 |  26338 |                  |
|  81 <>  82 |  67834 |                  |
|  82 <>  83 |  44258 |                  |
|  83 <>  84 |  48368 |                  |
|  84 <>  85 |  58002 |                  |
|  85 <>  86 |  30448 |                  |
|  86 <>  87 |  55372 |                  |
|  87 <>  88 | 109330 |                  |
|  88 <>  89 |  92626 |                  |
|  89 <>  90 |  44456 |                  |
|  90 <>  91 |  24924 |                  |
|  91 <>  92 | 132774 |                  |
|  92 <>  93 |  47020 |                  |
|  93 <>  94 | 268310 |                  |
|  94 <>  95 | 121594 |                  |
|  95 <>  96 | 160394 |                  |
|  96 <>  97 |  99498 |                  |
|  97 <>  98 |  16572 |                  |
|  98 <>  99 | 118766 |                  |
|  99 <> 100 | 198996 |                  |
| 100 <> 101 |  53958 |                  |
| 101 <> 102 |  18118 |                  |
| 102 <> 103 | 291622 |                  |
| 103 <> 104 | 140994 |                  |
| 104 <> 105 |  65006 |                  |
| 105 <> 106 |  99630 |                  |
| 106 <> 107 | 262588 |                  |
| 107 <> 108 |  91410 |                  |
| 108 <> 109 |   6938 |                  |
| 109 <> 110 |  67900 |                  |
| 110 <> 111 |  26404 |                  |
| 111 <> 112 | 155002 |                  |
| 112 <> 113 | 140928 |                  |
| 113 <> 114 |  59614 |                  |
| 114 <> 115 |  16572 |                  |
| 115 <> 116 |  78750 |                  |
| 116 <> 117 | 101044 |                  |
| 117 <> 118 | 134122 |                  |
| 118 <> 119 |  47218 |                  |
| 119 <> 120 |  44324 |                  |
| 120 <> 121 |  62244 |                  |
| 121 <> 122 |  69116 |                  |
| 122 <> 123 | 109198 |                  |
| 123 <> 124 |  37386 |                  |
| 124 <> 125 |  70464 |                  |
| 125 <> 126 |  76054 |                  |
| 126 <> 127 |  99564 |                  |
| 127 <> 128 |  82926 |                  |
| 128 <> 129 | 233884 |                  |
| 129 <> 130 | 110480 |                  |
| 130 <> 131 | 234836 |                  |
| 131 <> 132 | 102392 |                  |
| 132 <> 133 |  16770 |                  |
| 133 <> 134 |  58134 |                  |
| 134 <> 135 |  80164 |                  |
| 135 <> 136 |  63658 |                  |
| 136 <> 137 |  77600 |                  |
| 137 <> 138 | 186732 |                  |
| 138 <> 139 | 120378 |                  |
| 139 <> 140 | 143756 |                  |
| 140 <> 141 |  82860 |                  |
| 141 <> 142 | 100912 |                  |
| 142 <> 143 | 205934 |                  |
| 143 <> 144 |  44192 |                  |
| 144 <> 145 | 186468 |                  |
| 145 <> 146 | 390922 |                  |
| 146 <> 147 |  16572 |                  |
| 147 <> 148 | 555360 |                  |
| 148 <> 149 |  89864 |                  |
| 149 <> 150 |  70464 |                  |
| 150 <> 151 | 277680 |                  |
| 151 <> 152 | 243188 |                  |
| 152 <> 153 |  58002 |                  |
| 153 <> 154 | 302472 |                  |
| 154 <> 155 |  19466 |                  |
| 155 <> 156 | 200476 |                  |
| 156 <> 157 | 145170 |                  |
| 157 <> 158 |  27620 |                  |
| 158 <> 159 |  95520 |                  |
| 159 <> 160 |   6938 |                  |
| 160 <> 161 |   6938 |                  |
| 161 <> 162 |  72076 |                  |
| 162 <> 163 |  77534 |                  |
| 163 <> 164 |  82992 |                  |
| 164 <> 165 | 105088 |                  |
| 165 <> 166 |  76252 |                  |
| 166 <> 167 |  34558 |                  |
| 167 <> 168 | 107850 |                  |
| 168 <> 169 |   7070 |                  |
| 169 <> 170 |  63724 |                  |
| 170 <> 171 |  82860 |                  |
| 171 <> 172 |  40280 |                  |
| 172 <> 173 |  63658 |                  |
| 173 <> 174 |  53958 |                  |
| 174 <> 175 |  41430 |                  |
| 175 <> 176 |  45672 |                  |
| 176 <> 177 |  85688 |                  |
| 177 <> 178 |  66354 |                  |
| 178 <> 179 | 107718 |                  |
| 179 <> 180 |  73292 |                  |
| 180 <> 181 | 165786 |                  |
| 181 <> 182 |  92560 |                  |
| 182 <> 183 | 208630 |                  |
| 183 <> 184 | 114722 |                  |
| 184 <> 185 | 100846 |                  |
| 185 <> 186 |  67768 |                  |
| 186 <> 187 |  60962 |                  |
| 187 <> 188 |  73226 |                  |
| 188 <> 189 |  51460 |                  |
| 189 <> 190 |  58068 |                  |
| 190 <> 191 |  42910 |                  |
| 191 <> 192 |  83058 |                  |
| 192 <> 193 |  67702 |                  |
| 193 <> 194 |  56720 |                  |
| 194 <> 195 | 102392 |                  |
| 195 <> 196 |  38668 |                  |
| 196 <> 197 |  12462 |                  |
| 197 <> 198 | 145170 |                  |
| 198 <> 199 |  33144 |                  |
| 199 <> 200 |  81710 |                  |
| 200 <> 201 | 118898 |                  |
| 201 <> 202 |  47086 |                  |
| 202 <> 203 |  73358 |                  |
| 203 <> 204 |  99432 |                  |
| 204 <> 205 |  63526 |                  |
| 205 <> 206 |  73292 |                  |
| 206 <> 207 |  81842 |                  |
| 207 <> 208 | 114920 |                  |
| 208 <> 209 |  55372 |                  |
| 209 <> 210 |  48500 |                  |
| 210 <> 211 |  66486 |                  |
| 211 <> 212 |  80164 |                  |
| 212 <> 213 |  52742 |                  |
| 213 <> 214 |  42844 |                  |
| 214 <> 215 |  81842 |                  |
| 215 <> 216 |  79014 |                  |
| 216 <> 217 | 291688 |                  |
| 217 <> 218 | 142540 |                  |
| 218 <> 219 |  62508 |                  |
| 219 <> 220 | 261306 |                  |
| 220 <> 221 | 105088 |                  |
| 221 <> 222 |  59614 |                  |
| 222 <> 223 |  45606 |                  |
| 223 <> 224 |  74772 |                  |
| 224 <> 225 |  58134 |                  |
| 225 <> 226 |  47020 |                  |
| 226 <> 227 |  87234 |                  |
| 227 <> 228 |  22096 |                  |
| 228 <> 229 |  48368 |                  |
| 229 <> 230 | 131294 |                  |
| 230 <> 231 |  98282 |                  |
| 231 <> 232 |  37518 |                  |
| 232 <> 233 |  67768 |                  |
| 233 <> 234 |  74706 |                  |
| 234 <> 235 | 121594 |                  |
| 235 <> 236 |   9766 |                  |
| 236 <> 237 |  80362 |                  |
| 237 <> 238 |   1414 |                  |
| 238 <> 239 |  47218 |                  |
| 239 <> 240 |  40280 |                  |
| 240 <> 241 |  63658 |                  |
| 241 <> 242 |  71878 |                  |
| 242 <> 243 |  33144 |                  |
| 243 <> 244 |  46954 |                  |
| 244 <> 245 |  58134 |                  |
| 245 <> 246 |  62310 |                  |
| 246 <> 247 |  54024 |                  |
| 247 <> 248 |  62244 |                  |
| 248 <> 249 |  87102 |                  |
| 249 <> 250 |  37386 |                  |
| 250 <> 251 |  47218 |                  |
| 251 <> 252 |  70662 |                  |
| 252 <> 253 |  37320 |                  |
| 253 <> 254 |  94040 |                  |
| 254 <> 255 |  58134 |                  |
| 255 <> 256 |  64940 |                  |
| 256 <> 257 |  82860 |                  |
| 257 <> 258 | 153390 |                  |
| 258 <> 259 |  49980 |                  |
| 259 <> 260 |  76186 |                  |
| 260 <> 261 |  81644 |                  |
| 261 <> 262 |  56786 |                  |
| 262 <> 263 |  77402 |                  |
| 263 <> 264 |  49848 |                  |
| 264 <> 265 |  47086 |                  |
| 265 <> 266 |  30382 |                  |
| 266 <> 267 |  37320 |                  |
| 267 <> 268 |  23510 |                  |
| 268 <> 269 |  22096 |                  |
| 269 <> 270 |      0 |                  |
| 270 <> 271 |      0 |                  |
| 271 <> 272 |      0 |                  |
| 272 <> 273 |      0 |                  |
| 273 <> 274 |      0 |                  |
| 274 <> 275 |      0 |                  |
| 275 <> Dur |      0 |                  |
==========================================
