
==========================================
| IO Statistics                          |
|                                        |
| Duration: 262.620705 secs              |
| Interval:   1 secs                     |
|                                        |
| Col 1: BYTES()ip.src ==128.110.219.103 |
|----------------------------------------|
|            |1         |                |
| Interval   |   BYTES  |                |
|-----------------------|                |
|   0 <>   1 |  2302508 |                |
|   1 <>   2 |  3211404 |                |
|   2 <>   3 |  2356792 |                |
|   3 <>   4 |  1537044 |                |
|   4 <>   5 |  2079130 |                |
|   5 <>   6 |  1625466 |                |
|   6 <>   7 |  2304322 |                |
|   7 <>   8 |  3649622 |                |
|   8 <>   9 |  1800940 |                |
|   9 <>  10 |   197922 |                |
|  10 <>  11 |    22646 |                |
|  11 <>  12 |     8550 |                |
|  12 <>  13 |        0 |                |
|  13 <>  14 |        0 |                |
|  14 <>  15 |        0 |                |
|  15 <>  16 |        0 |                |
|  16 <>  17 |     1436 |                |
|  17 <>  18 |        0 |                |
|  18 <>  19 |        0 |                |
|  19 <>  20 |        0 |                |
|  20 <>  21 |        0 |                |
|  21 <>  22 |        0 |                |
|  22 <>  23 |        0 |                |
|  23 <>  24 |        0 |                |
|  24 <>  25 |        0 |                |
|  25 <>  26 |        0 |                |
|  26 <>  27 |        0 |                |
|  27 <>  28 |    92350 |                |
|  28 <>  29 |   896202 |                |
|  29 <>  30 |   480502 |                |
|  30 <>  31 |   482978 |                |
|  31 <>  32 |   395860 |                |
|  32 <>  33 |   382804 |                |
|  33 <>  34 |   513762 |                |
|  34 <>  35 |   352318 |                |
|  35 <>  36 |   293392 |                |
|  36 <>  37 |   203550 |                |
|  37 <>  38 |   276704 |                |
|  38 <>  39 |   235258 |                |
|  39 <>  40 |   255742 |                |
|  40 <>  41 |   271340 |                |
|  41 <>  42 |   206340 |                |
|  42 <>  43 |   244254 |                |
|  43 <>  44 |   217564 |                |
|  44 <>  45 |   307422 |                |
|  45 <>  46 |   272314 |                |
|  46 <>  47 |   228788 |                |
|  47 <>  48 |   195248 |                |
|  48 <>  49 |   255610 |                |
|  49 <>  50 |   244386 |                |
|  50 <>  51 |   189966 |                |
|  51 <>  52 |   175490 |                |
|  52 <>  53 |   139474 |                |
|  53 <>  54 |   152844 |                |
|  54 <>  55 |   209410 |                |
|  55 <>  56 |   145978 |                |
|  56 <>  57 |   157218 |                |
|  57 <>  58 |   146704 |                |
|  58 <>  59 |   126468 |                |
|  59 <>  60 |   106248 |                |
|  60 <>  61 |   142528 |                |
|  61 <>  62 |   113676 |                |
|  62 <>  63 |   142594 |                |
|  63 <>  64 |   137956 |                |
|  64 <>  65 |   133582 |                |
|  65 <>  66 |   216194 |                |
|  66 <>  67 |   238642 |                |
|  67 <>  68 |   248430 |                |
|  68 <>  69 |   255610 |                |
|  69 <>  70 |   235836 |                |
|  70 <>  71 |   277926 |                |
|  71 <>  72 |   489878 |                |
|  72 <>  73 |   438858 |                |
|  73 <>  74 |   419084 |                |
|  74 <>  75 |   502538 |                |
|  75 <>  76 |   524986 |                |
|  76 <>  77 |   506862 |                |
|  77 <>  78 |   476838 |                |
|  78 <>  79 |   470896 |                |
|  79 <>  80 |   409626 |                |
|  80 <>  81 |   405698 |                |
|  81 <>  82 |   432322 |                |
|  82 <>  83 |   336472 |                |
|  83 <>  84 |   364978 |                |
|  84 <>  85 |   470236 |                |
|  85 <>  86 |   436564 |                |
|  86 <>  87 |   419728 |                |
|  87 <>  88 |   305986 |                |
|  88 <>  89 |   371960 |                |
|  89 <>  90 |   356560 |                |
|  90 <>  91 |   310112 |                |
|  91 <>  92 |   533404 |                |
|  92 <>  93 |   430952 |                |
|  93 <>  94 |   444982 |                |
|  94 <>  95 |   449158 |                |
|  95 <>  96 |   442176 |                |
|  96 <>  97 |   475848 |                |
|  97 <>  98 |   261090 |                |
|  98 <>  99 |   591026 |                |
|  99 <> 100 |   419728 |                |
| 100 <> 101 |     1436 |                |
| 101 <> 102 |     1436 |                |
| 102 <> 103 |     1436 |                |
| 103 <> 104 |        0 |                |
| 104 <> 105 |   633578 |                |
| 105 <> 106 |  3302698 |                |
| 106 <> 107 |  6298362 |                |
| 107 <> 108 |  7547010 |                |
| 108 <> 109 |  6420984 |                |
| 109 <> 110 |  4313562 |                |
| 110 <> 111 |  5245804 |                |
| 111 <> 112 |  4234976 |                |
| 112 <> 113 |  3716242 |                |
| 113 <> 114 |  4010726 |                |
| 114 <> 115 |  4642970 |                |
| 115 <> 116 |  4814684 |                |
| 116 <> 117 |  4283504 |                |
| 117 <> 118 |  4551858 |                |
| 118 <> 119 |  3455760 |                |
| 119 <> 120 |  4793342 |                |
| 120 <> 121 |  5062456 |                |
| 121 <> 122 |  5369698 |                |
| 122 <> 123 |  4777002 |                |
| 123 <> 124 |  5311964 |                |
| 124 <> 125 |  6304848 |                |
| 125 <> 126 |  6799236 |                |
| 126 <> 127 |  5175144 |                |
| 127 <> 128 |  5137624 |                |
| 128 <> 129 |  6748332 |                |
| 129 <> 130 |  6703684 |                |
| 130 <> 131 |  6668460 |                |
| 131 <> 132 |  7053132 |                |
| 132 <> 133 |  6319308 |                |
| 133 <> 134 |  6654810 |                |
| 134 <> 135 |  1265788 |                |
| 135 <> 136 |   530598 |                |
| 136 <> 137 |   265926 |                |
| 137 <> 138 |  4166248 |                |
| 138 <> 139 |  6083320 |                |
| 139 <> 140 |  7238396 |                |
| 140 <> 141 |  5579772 |                |
| 141 <> 142 |  5927008 |                |
| 142 <> 143 |  3584986 |                |
| 143 <> 144 |  3721506 |                |
| 144 <> 145 |  2554684 |                |
| 145 <> 146 |  2202132 |                |
| 146 <> 147 |  1965256 |                |
| 147 <> 148 |  2278290 |                |
| 148 <> 149 |  2092896 |                |
| 149 <> 150 |  2289448 |                |
| 150 <> 151 |  1570700 |                |
| 151 <> 152 |  1363006 |                |
| 152 <> 153 |  1457040 |                |
| 153 <> 154 |  1388260 |                |
| 154 <> 155 |  1275954 |                |
| 155 <> 156 |   828298 |                |
| 156 <> 157 |   305936 |                |
| 157 <> 158 |   963250 |                |
| 158 <> 159 |  1628272 |                |
| 159 <> 160 |  2162848 |                |
| 160 <> 161 |  2611660 |                |
| 161 <> 162 |  1765832 |                |
| 162 <> 163 |   708944 |                |
| 163 <> 164 |   354678 |                |
| 164 <> 165 |   206406 |                |
| 165 <> 166 |  1183768 |                |
| 166 <> 167 |  2832658 |                |
| 167 <> 168 |  3447142 |                |
| 168 <> 169 |  3061478 |                |
| 169 <> 170 |  3244116 |                |
| 170 <> 171 |  3392390 |                |
| 171 <> 172 |  3296326 |                |
| 172 <> 173 |   847874 |                |
| 173 <> 174 |   809894 |                |
| 174 <> 175 |   291956 |                |
| 175 <> 176 |    49138 |                |
| 176 <> 177 |   568512 |                |
| 177 <> 178 |   346706 |                |
| 178 <> 179 |   151590 |                |
| 179 <> 180 |     2872 |                |
| 180 <> 181 |    24214 |                |
| 181 <> 182 |   122754 |                |
| 182 <> 183 |   153686 |                |
| 183 <> 184 |   139524 |                |
| 184 <> 185 |    45094 |                |
| 185 <> 186 |   715860 |                |
| 186 <> 187 |  1009252 |                |
| 187 <> 188 |  1785244 |                |
| 188 <> 189 |  2397992 |                |
| 189 <> 190 |  1010622 |                |
| 190 <> 191 |   743986 |                |
| 191 <> 192 |    61732 |                |
| 192 <> 193 |   282168 |                |
| 193 <> 194 |   929248 |                |
| 194 <> 195 |    42090 |                |
| 195 <> 196 |   257310 |                |
| 196 <> 197 |   854410 |                |
| 197 <> 198 |   387426 |                |
| 198 <> 199 |   635856 |                |
| 199 <> 200 |   263962 |                |
| 200 <> 201 |   532034 |                |
| 201 <> 202 |   369154 |                |
| 202 <> 203 |   621644 |                |
| 203 <> 204 |   393896 |                |
| 204 <> 205 |   398650 |                |
| 205 <> 206 |   299004 |                |
| 206 <> 207 |   168426 |                |
| 207 <> 208 |    29760 |                |
| 208 <> 209 |        0 |                |
| 209 <> 210 |     9920 |                |
| 210 <> 211 |  3557918 |                |
| 211 <> 212 |  8073848 |                |
| 212 <> 213 |  5723430 |                |
| 213 <> 214 |  8648060 |                |
| 214 <> 215 |  7033408 |                |
| 215 <> 216 |  8711722 |                |
| 216 <> 217 |  7576902 |                |
| 217 <> 218 |  7782468 |                |
| 218 <> 219 |  9295542 |                |
| 219 <> 220 |  9189722 |                |
| 220 <> 221 |  7568682 |                |
| 221 <> 222 |  6417320 |                |
| 222 <> 223 |  5102484 |                |
| 223 <> 224 |  4536824 |                |
| 224 <> 225 |  5902480 |                |
| 225 <> 226 |  4338718 |                |
| 226 <> 227 |  2832252 |                |
| 227 <> 228 |  3352266 |                |
| 228 <> 229 |  3414214 |                |
| 229 <> 230 |  1831476 |                |
| 230 <> 231 |  3208698 |                |
| 231 <> 232 |  1744820 |                |
| 232 <> 233 |  2601608 |                |
| 233 <> 234 |  3205494 |                |
| 234 <> 235 |  2462794 |                |
| 235 <> 236 |   992416 |                |
| 236 <> 237 |  1763686 |                |
| 237 <> 238 |  3520908 |                |
| 238 <> 239 |  2932998 |                |
| 239 <> 240 |  3078896 |                |
| 240 <> 241 |  3078516 |                |
| 241 <> 242 |  3861048 |                |
| 242 <> 243 |  3763712 |                |
| 243 <> 244 |  3193052 |                |
| 244 <> 245 |  3164396 |                |
| 245 <> 246 |  2914050 |                |
| 246 <> 247 |   998028 |                |
| 247 <> 248 |  1156452 |                |
| 248 <> 249 |   516568 |                |
| 249 <> 250 |   269508 |                |
| 250 <> 251 |     2806 |                |
| 251 <> 252 |     5678 |                |
| 252 <> 253 |        0 |                |
| 253 <> 254 |    43922 |                |
| 254 <> 255 |    18404 |                |
| 255 <> 256 |        0 |                |
| 256 <> 257 |     1436 |                |
| 257 <> 258 |  1683882 |                |
| 258 <> 259 |  4418920 |                |
| 259 <> 260 |  5857964 |                |
| 260 <> 261 | 12051452 |                |
| 261 <> 262 | 10616922 |                |
| 262 <> Dur |  2259742 |                |
==========================================
