
==========================================
| IO Statistics                          |
|                                        |
| Duration: 263.919441 secs              |
| Interval:   1 secs                     |
|                                        |
| Col 1: BYTES()ip.src ==128.110.219.103 |
|----------------------------------------|
|            |1        |                 |
| Interval   |  BYTES  |                 |
|----------------------|                 |
|   0 <>   1 |  138306 |                 |
|   1 <>   2 |  132576 |                 |
|   2 <>   3 |  233488 |                 |
|   3 <>   4 |   12594 |                 |
|   4 <>   5 |  127382 |                 |
|   5 <>   6 |  237796 |                 |
|   6 <>   7 |  381420 |                 |
|   7 <>   8 |  290010 |                 |
|   8 <>   9 |  167200 |                 |
|   9 <>  10 |   95586 |                 |
|  10 <>  11 |   79014 |                 |
|  11 <>  12 |   74640 |                 |
|  12 <>  13 |  165852 |                 |
|  13 <>  14 |   59548 |                 |
|  14 <>  15 |   66486 |                 |
|  15 <>  16 |   73226 |                 |
|  16 <>  17 |  152042 |                 |
|  17 <>  18 |   87102 |                 |
|  18 <>  19 |   81578 |                 |
|  19 <>  20 |  120444 |                 |
|  20 <>  21 |   35906 |                 |
|  21 <>  22 |  118898 |                 |
|  22 <>  23 |  114722 |                 |
|  23 <>  24 |  111960 |                 |
|  24 <>  25 |  124290 |                 |
|  25 <>  26 |   66552 |                 |
|  26 <>  27 |   22162 |                 |
|  27 <>  28 |  258544 |                 |
|  28 <>  29 |   91146 |                 |
|  29 <>  30 |  134056 |                 |
|  30 <>  31 |   77534 |                 |
|  31 <>  32 |  163222 |                 |
|  32 <>  33 |  113242 |                 |
|  33 <>  34 |  123074 |                 |
|  34 <>  35 |  141126 |                 |
|  35 <>  36 |  196366 |                 |
|  36 <>  37 |  124554 |                 |
|  37 <>  38 |   47152 |                 |
|  38 <>  39 |   48434 |                 |
|  39 <>  40 |   59482 |                 |
|  40 <>  41 |  116268 |                 |
|  41 <>  42 |   53892 |                 |
|  42 <>  43 |   98282 |                 |
|  43 <>  44 |   78882 |                 |
|  44 <>  45 |   52676 |                 |
|  45 <>  46 |   51130 |                 |
|  46 <>  47 |   92824 |                 |
|  47 <>  48 |   66420 |                 |
|  48 <>  49 |   63724 |                 |
|  49 <>  50 |   69182 |                 |
|  50 <>  51 |   89798 |                 |
|  51 <>  52 |  120444 |                 |
|  52 <>  53 |  236448 |                 |
|  53 <>  54 |  439356 |                 |
|  54 <>  55 |  596856 |                 |
|  55 <>  56 |  330158 |                 |
|  56 <>  57 |  331572 |                 |
|  57 <>  58 |  208696 |                 |
|  58 <>  59 |  211722 |                 |
|  59 <>  60 |  317828 |                 |
|  60 <>  61 |  127250 |                 |
|  61 <>  62 |  125836 |                 |
|  62 <>  63 |  287446 |                 |
|  63 <>  64 |  379940 |                 |
|  64 <>  65 |  215634 |                 |
|  65 <>  66 |  110744 |                 |
|  66 <>  67 |   51262 |                 |
|  67 <>  68 |  130078 |                 |
|  68 <>  69 |  382768 |                 |
|  69 <>  70 |   92758 |                 |
|  70 <>  71 |  182490 |                 |
|  71 <>  72 |  121660 |                 |
|  72 <>  73 |  152042 |                 |
|  73 <>  74 |  201824 |                 |
|  74 <>  75 |  154672 |                 |
|  75 <>  76 |  443466 |                 |
|  76 <>  77 |  211524 |                 |
|  77 <>  78 |  254236 |                 |
|  78 <>  79 |  256998 |                 |
|  79 <>  80 |  697768 |                 |
|  80 <>  81 |  229312 |                 |
|  81 <>  82 |  357778 |                 |
|  82 <>  83 |  124488 |                 |
|  83 <>  84 |   91344 |                 |
|  84 <>  85 |  203172 |                 |
|  85 <>  86 |  114656 |                 |
|  86 <>  87 |   95586 |                 |
|  87 <>  88 |   78816 |                 |
|  88 <>  89 |  242236 |                 |
|  89 <>  90 |  230792 |                 |
|  90 <>  91 |  153390 |                 |
|  91 <>  92 |  157632 |                 |
|  92 <>  93 |  196300 |                 |
|  93 <>  94 |   91278 |                 |
|  94 <>  95 |  135602 |                 |
|  95 <>  96 |  228162 |                 |
|  96 <>  97 |  165786 |                 |
|  97 <>  98 |  113440 |                 |
|  98 <>  99 |   58134 |                 |
|  99 <> 100 |  141126 |                 |
| 100 <> 101 |  158914 |                 |
| 101 <> 102 |   53892 |                 |
| 102 <> 103 |   34690 |                 |
| 103 <> 104 |   67768 |                 |
| 104 <> 105 |   60830 |                 |
| 105 <> 106 |  106502 |                 |
| 106 <> 107 |   59680 |                 |
| 107 <> 108 |   30514 |                 |
| 108 <> 109 |   89996 |                 |
| 109 <> 110 |  117550 |                 |
| 110 <> 111 |  120180 |                 |
| 111 <> 112 |   89864 |                 |
| 112 <> 113 |   59482 |                 |
| 113 <> 114 |   61028 |                 |
| 114 <> 115 |   66354 |                 |
| 115 <> 116 |  217114 |                 |
| 116 <> 117 |   78882 |                 |
| 117 <> 118 |  120378 |                 |
| 118 <> 119 |  194886 |                 |
| 119 <> 120 |  150562 |                 |
| 120 <> 121 |  178314 |                 |
| 121 <> 122 |   62178 |                 |
| 122 <> 123 |  362086 |                 |
| 123 <> 124 |  577390 |                 |
| 124 <> 125 |  694808 |                 |
| 125 <> 126 |  470954 |                 |
| 126 <> 127 |  298824 |                 |
| 127 <> 128 |  230792 |                 |
| 128 <> 129 |  377310 |                 |
| 129 <> 130 |  563646 |                 |
| 130 <> 131 |  538788 |                 |
| 131 <> 132 |  363368 |                 |
| 132 <> 133 |   47020 |                 |
| 133 <> 134 |  259826 |                 |
| 134 <> 135 |  170028 |                 |
| 135 <> 136 |   35906 |                 |
| 136 <> 137 |  160262 |                 |
| 137 <> 138 |   69116 |                 |
| 138 <> 139 |   53958 |                 |
| 139 <> 140 |  114788 |                 |
| 140 <> 141 |  145038 |                 |
| 141 <> 142 |  164372 |                 |
| 142 <> 143 |   52544 |                 |
| 143 <> 144 |  117484 |                 |
| 144 <> 145 |  120378 |                 |
| 145 <> 146 |  147866 |                 |
| 146 <> 147 |  277680 |                 |
| 147 <> 148 |  127250 |                 |
| 148 <> 149 |  103872 |                 |
| 149 <> 150 |   99762 |                 |
| 150 <> 151 |  134320 |                 |
| 151 <> 152 |  124554 |                 |
| 152 <> 153 |  331770 |                 |
| 153 <> 154 |  185318 |                 |
| 154 <> 155 |  203238 |                 |
| 155 <> 156 |  106436 |                 |
| 156 <> 157 |  125902 |                 |
| 157 <> 158 |  142408 |                 |
| 158 <> 159 |  200344 |                 |
| 159 <> 160 |  157566 |                 |
| 160 <> 161 |  135404 |                 |
| 161 <> 162 |   24858 |                 |
| 162 <> 163 |  110546 |                 |
| 163 <> 164 |  189296 |                 |
| 164 <> 165 |  165852 |                 |
| 165 <> 166 |  395230 |                 |
| 166 <> 167 |  230858 |                 |
| 167 <> 168 |  266632 |                 |
| 168 <> 169 |   98216 |                 |
| 169 <> 170 |   74706 |                 |
| 170 <> 171 |   89930 |                 |
| 171 <> 172 |  127118 |                 |
| 172 <> 173 |   41430 |                 |
| 173 <> 174 |   63658 |                 |
| 174 <> 175 |       0 |                 |
| 175 <> 176 |    1414 |                 |
| 176 <> 177 |  103674 |                 |
| 177 <> 178 |  100912 |                 |
| 178 <> 179 |   53958 |                 |
| 179 <> 180 |  185648 |                 |
| 180 <> 181 |  186600 |                 |
| 181 <> 182 |  125770 |                 |
| 182 <> 183 |  293102 |                 |
| 183 <> 184 |  185120 |                 |
| 184 <> 185 |   33210 |                 |
| 185 <> 186 |  198930 |                 |
| 186 <> 187 |   89798 |                 |
| 187 <> 188 | 1153432 |                 |
| 188 <> 189 | 1005368 |                 |
| 189 <> 190 | 1936558 |                 |
| 190 <> 191 |  453100 |                 |
| 191 <> 192 |  555228 |                 |
| 192 <> 193 |  557368 |                 |
| 193 <> 194 | 1254410 |                 |
| 194 <> 195 | 1002804 |                 |
| 195 <> 196 |  797134 |                 |
| 196 <> 197 |  365998 |                 |
| 197 <> 198 | 1726712 |                 |
| 198 <> 199 | 1055150 |                 |
| 199 <> 200 |  381288 |                 |
| 200 <> 201 |  379940 |                 |
| 201 <> 202 |  426828 |                 |
| 202 <> 203 |  813508 |                 |
| 203 <> 204 | 1200452 |                 |
| 204 <> 205 |  486112 |                 |
| 205 <> 206 |  746070 |                 |
| 206 <> 207 | 1363212 |                 |
| 207 <> 208 |  508472 |                 |
| 208 <> 209 |  581896 |                 |
| 209 <> 210 |  550826 |                 |
| 210 <> 211 |  719930 |                 |
| 211 <> 212 |  287842 |                 |
| 212 <> 213 |  383098 |                 |
| 213 <> 214 |  645290 |                 |
| 214 <> 215 |  509820 |                 |
| 215 <> 216 |  438140 |                 |
| 216 <> 217 |  319440 |                 |
| 217 <> 218 |  577588 |                 |
| 218 <> 219 |  225466 |                 |
| 219 <> 220 |   78948 |                 |
| 220 <> 221 |   58068 |                 |
| 221 <> 222 |  223788 |                 |
| 222 <> 223 |  165918 |                 |
| 223 <> 224 |  164504 |                 |
| 224 <> 225 |   87432 |                 |
| 225 <> 226 |   38800 |                 |
| 226 <> 227 |  110546 |                 |
| 227 <> 228 |  107718 |                 |
| 228 <> 229 |   56786 |                 |
| 229 <> 230 |  107916 |                 |
| 230 <> 231 |  258610 |                 |
| 231 <> 232 |  120444 |                 |
| 232 <> 233 |  182556 |                 |
| 233 <> 234 |  196498 |                 |
| 234 <> 235 |  218396 |                 |
| 235 <> 236 |  219876 |                 |
| 236 <> 237 |  104956 |                 |
| 237 <> 238 |  188410 |                 |
| 238 <> 239 |  147932 |                 |
| 239 <> 240 |  252822 |                 |
| 240 <> 241 |  355082 |                 |
| 241 <> 242 |  152042 |                 |
| 242 <> 243 |  302736 |                 |
| 243 <> 244 |  518106 |                 |
| 244 <> 245 |  147932 |                 |
| 245 <> 246 |  211392 |                 |
| 246 <> 247 |  288860 |                 |
| 247 <> 248 |  167200 |                 |
| 248 <> 249 |  112026 |                 |
| 249 <> 250 |  142342 |                 |
| 250 <> 251 |  233620 |                 |
| 251 <> 252 |   80362 |                 |
| 252 <> 253 |   59680 |                 |
| 253 <> 254 |   45870 |                 |
| 254 <> 255 |   54024 |                 |
| 255 <> 256 |   70596 |                 |
| 256 <> 257 |   44588 |                 |
| 257 <> 258 |   88582 |                 |
| 258 <> 259 |   69248 |                 |
| 259 <> 260 |   87102 |                 |
| 260 <> 261 |  136884 |                 |
| 261 <> 262 |   41430 |                 |
| 262 <> 263 |       0 |                 |
| 263 <> Dur |       0 |                 |
==========================================
