
==========================================
| IO Statistics                          |
|                                        |
| Duration: 153.973633 secs              |
| Interval:   1 secs                     |
|                                        |
| Col 1: BYTES()ip.src ==128.110.219.103 |
|----------------------------------------|
|            |1        |                 |
| Interval   |  BYTES  |                 |
|----------------------|                 |
|   0 <>   1 | 1416574 |                 |
|   1 <>   2 |  863724 |                 |
|   2 <>   3 |  376066 |                 |
|   3 <>   4 |  811406 |                 |
|   4 <>   5 |  443334 |                 |
|   5 <>   6 |  297014 |                 |
|   6 <>   7 |  196800 |                 |
|   7 <>   8 |  296788 |                 |
|   8 <>   9 |  124790 |                 |
|   9 <>  10 |  167860 |                 |
|  10 <>  11 |  186996 |                 |
|  11 <>  12 |  160658 |                 |
|  12 <>  13 |  189296 |                 |
|  13 <>  14 |  273438 |                 |
|  14 <>  15 |  245818 |                 |
|  15 <>  16 |  284552 |                 |
|  16 <>  17 |  335616 |                 |
|  17 <>  18 |  371522 |                 |
|  18 <>  19 |  384116 |                 |
|  19 <>  20 |  751264 |                 |
|  20 <>  21 |  484142 |                 |
|  21 <>  22 |  954766 |                 |
|  22 <>  23 |  826036 |                 |
|  23 <>  24 | 1176612 |                 |
|  24 <>  25 | 1096514 |                 |
|  25 <>  26 | 1248424 |                 |
|  26 <>  27 | 1265062 |                 |
|  27 <>  28 | 1212518 |                 |
|  28 <>  29 | 1276044 |                 |
|  29 <>  30 |  805618 |                 |
|  30 <>  31 | 1245662 |                 |
|  31 <>  32 | 1350618 |                 |
|  32 <>  33 | 1256710 |                 |
|  33 <>  34 |  413848 |                 |
|  34 <>  35 |  554276 |                 |
|  35 <>  36 |  615992 |                 |
|  36 <>  37 |  679452 |                 |
|  37 <>  38 |  585610 |                 |
|  38 <>  39 |  698786 |                 |
|  39 <>  40 |  745872 |                 |
|  40 <>  41 |  986034 |                 |
|  41 <>  42 | 1237376 |                 |
|  42 <>  43 | 1441764 |                 |
|  43 <>  44 | 1955562 |                 |
|  44 <>  45 | 2430560 |                 |
|  45 <>  46 | 2771002 |                 |
|  46 <>  47 | 3235054 |                 |
|  47 <>  48 | 4278604 |                 |
|  48 <>  49 | 2807688 |                 |
|  49 <>  50 | 1235774 |                 |
|  50 <>  51 | 1311526 |                 |
|  51 <>  52 | 1568524 |                 |
|  52 <>  53 |  990738 |                 |
|  53 <>  54 |  972620 |                 |
|  54 <>  55 |  924384 |                 |
|  55 <>  56 |  494238 |                 |
|  56 <>  57 |  737454 |                 |
|  57 <>  58 | 1002672 |                 |
|  58 <>  59 |  687248 |                 |
|  59 <>  60 |  825838 |                 |
|  60 <>  61 |  552174 |                 |
|  61 <>  62 |  743176 |                 |
|  62 <>  63 |  690500 |                 |
|  63 <>  64 |  881078 |                 |
|  64 <>  65 |  445474 |                 |
|  65 <>  66 |  661664 |                 |
|  66 <>  67 |  754026 |                 |
|  67 <>  68 |  560752 |                 |
|  68 <>  69 |  725652 |                 |
|  69 <>  70 |  942040 |                 |
|  70 <>  71 |  765206 |                 |
|  71 <>  72 | 1063436 |                 |
|  72 <>  73 |  729234 |                 |
|  73 <>  74 | 1030226 |                 |
|  74 <>  75 |  825838 |                 |
|  75 <>  76 |  550166 |                 |
|  76 <>  77 |  524158 |                 |
|  77 <>  78 |  652096 |                 |
|  78 <>  79 |  662880 |                 |
|  79 <>  80 |  690632 |                 |
|  80 <>  81 |  374878 |                 |
|  81 <>  82 |  514392 |                 |
|  82 <>  83 |  616058 |                 |
|  83 <>  84 |  455796 |                 |
|  84 <>  85 |  454420 |                 |
|  85 <>  86 |  519322 |                 |
|  86 <>  87 |  598996 |                 |
|  87 <>  88 |  671298 |                 |
|  88 <>  89 |  704376 |                 |
|  89 <>  90 |  729234 |                 |
|  90 <>  91 |  831362 |                 |
|  91 <>  92 |  875620 |                 |
|  92 <>  93 |  762378 |                 |
|  93 <>  94 |  620696 |                 |
|  94 <>  95 |  773360 |                 |
|  95 <>  96 |  701548 |                 |
|  96 <>  97 |  759550 |                 |
|  97 <>  98 |  875620 |                 |
|  98 <>  99 |  995734 |                 |
|  99 <> 100 | 1097994 |                 |
| 100 <> 101 | 1231852 |                 |
| 101 <> 102 | 1043018 |                 |
| 102 <> 103 | 1680776 |                 |
| 103 <> 104 | 2013498 |                 |
| 104 <> 105 | 2789620 |                 |
| 105 <> 106 | 2750424 |                 |
| 106 <> 107 | 2884394 |                 |
| 107 <> 108 | 1934908 |                 |
| 108 <> 109 | 4193944 |                 |
| 109 <> 110 | 4167786 |                 |
| 110 <> 111 | 3386896 |                 |
| 111 <> 112 | 1993060 |                 |
| 112 <> 113 | 3398860 |                 |
| 113 <> 114 | 3476998 |                 |
| 114 <> 115 | 3921846 |                 |
| 115 <> 116 | 3538644 |                 |
| 116 <> 117 | 2589558 |                 |
| 117 <> 118 | 1704832 |                 |
| 118 <> 119 | 2524468 |                 |
| 119 <> 120 | 2532754 |                 |
| 120 <> 121 | 2181980 |                 |
| 121 <> 122 | 2002450 |                 |
| 122 <> 123 | 1820158 |                 |
| 123 <> 124 | 2195790 |                 |
| 124 <> 125 | 2883528 |                 |
| 125 <> 126 | 2944292 |                 |
| 126 <> 127 | 2908386 |                 |
| 127 <> 128 | 2958102 |                 |
| 128 <> 129 | 3494332 |                 |
| 129 <> 130 | 4453458 |                 |
| 130 <> 131 | 4814702 |                 |
| 131 <> 132 | 5710236 |                 |
| 132 <> 133 | 5274210 |                 |
| 133 <> 134 | 4917084 |                 |
| 134 <> 135 | 4510250 |                 |
| 135 <> 136 | 4096114 |                 |
| 136 <> 137 | 2617026 |                 |
| 137 <> 138 | 1744104 |                 |
| 138 <> 139 | 2129568 |                 |
| 139 <> 140 | 2173694 |                 |
| 140 <> 141 | 2140616 |                 |
| 141 <> 142 | 1193184 |                 |
| 142 <> 143 |  584196 |                 |
| 143 <> 144 |  601164 |                 |
| 144 <> 145 |       0 |                 |
| 145 <> 146 |       0 |                 |
| 146 <> 147 |       0 |                 |
| 147 <> 148 |       0 |                 |
| 148 <> 149 |       0 |                 |
| 149 <> 150 |       0 |                 |
| 150 <> 151 |       0 |                 |
| 151 <> 152 |       0 |                 |
| 152 <> 153 |       0 |                 |
| 153 <> Dur |       0 |                 |
==========================================
