
==========================================
| IO Statistics                          |
|                                        |
| Duration: 144.638628 secs              |
| Interval:   1 secs                     |
|                                        |
| Col 1: BYTES()ip.src ==128.110.219.103 |
|----------------------------------------|
|            |1         |                |
| Interval   |   BYTES  |                |
|-----------------------|                |
|   0 <>   1 |  1190396 |                |
|   1 <>   2 |  2422766 |                |
|   2 <>   3 |  1228318 |                |
|   3 <>   4 |   774852 |                |
|   4 <>   5 |   728520 |                |
|   5 <>   6 |   748162 |                |
|   6 <>   7 |  1918858 |                |
|   7 <>   8 |  1006446 |                |
|   8 <>   9 |  3039906 |                |
|   9 <>  10 |  2370558 |                |
|  10 <>  11 |  1895652 |                |
|  11 <>  12 |  2533702 |                |
|  12 <>  13 |  1617808 |                |
|  13 <>  14 |  1364624 |                |
|  14 <>  15 |   903944 |                |
|  15 <>  16 |  1238040 |                |
|  16 <>  17 |  1654120 |                |
|  17 <>  18 |  1262188 |                |
|  18 <>  19 |   814136 |                |
|  19 <>  20 |   899884 |                |
|  20 <>  21 |  1037576 |                |
|  21 <>  22 |  1326594 |                |
|  22 <>  23 |   349512 |                |
|  23 <>  24 |   145004 |                |
|  24 <>  25 |   718732 |                |
|  25 <>  26 |   311598 |                |
|  26 <>  27 |   558658 |                |
|  27 <>  28 |   147612 |                |
|  28 <>  29 |   226246 |                |
|  29 <>  30 |   184156 |                |
|  30 <>  31 |   859626 |                |
|  31 <>  32 |  1267536 |                |
|  32 <>  33 |  1546898 |                |
|  33 <>  34 |  1639496 |                |
|  34 <>  35 |  1925906 |                |
|  35 <>  36 |  1293648 |                |
|  36 <>  37 |  1025576 |                |
|  37 <>  38 |   717428 |                |
|  38 <>  39 |   613540 |                |
|  39 <>  40 |   686430 |                |
|  40 <>  41 |   831038 |                |
|  41 <>  42 |   852116 |                |
|  42 <>  43 |   840892 |                |
|  43 <>  44 |   958744 |                |
|  44 <>  45 |   989874 |                |
|  45 <>  46 |   864908 |                |
|  46 <>  47 |   457642 |                |
|  47 <>  48 |     2872 |                |
|  48 <>  49 |        0 |                |
|  49 <>  50 |     1436 |                |
|  50 <>  51 |    22712 |                |
|  51 <>  52 |    73088 |                |
|  52 <>  53 |        0 |                |
|  53 <>  54 |   183050 |                |
|  54 <>  55 |   551742 |                |
|  55 <>  56 |  1058390 |                |
|  56 <>  57 |  1938698 |                |
|  57 <>  58 |  5052436 |                |
|  58 <>  59 |  8856018 |                |
|  59 <>  60 | 14756740 |                |
|  60 <>  61 | 10491122 |                |
|  61 <>  62 | 12970706 |                |
|  62 <>  63 | 13267204 |                |
|  63 <>  64 | 12220706 |                |
|  64 <>  65 | 13813092 |                |
|  65 <>  66 | 12461248 |                |
|  66 <>  67 | 14167344 |                |
|  67 <>  68 | 14038168 |                |
|  68 <>  69 | 13522982 |                |
|  69 <>  70 | 14232790 |                |
|  70 <>  71 | 12809790 |                |
|  71 <>  72 | 12641362 |                |
|  72 <>  73 | 12749774 |                |
|  73 <>  74 | 11963212 |                |
|  74 <>  75 | 11298018 |                |
|  75 <>  76 |  8343772 |                |
|  76 <>  77 |  7460324 |                |
|  77 <>  78 |  6823618 |                |
|  78 <>  79 |  5940314 |                |
|  79 <>  80 |  6052554 |                |
|  80 <>  81 |  6476312 |                |
|  81 <>  82 |  4509902 |                |
|  82 <>  83 |  3142340 |                |
|  83 <>  84 |  3065358 |                |
|  84 <>  85 |  2870554 |                |
|  85 <>  86 |  2693710 |                |
|  86 <>  87 |  2834076 |                |
|  87 <>  88 |  1994686 |                |
|  88 <>  89 |  2003170 |                |
|  89 <>  90 |  2528024 |                |
|  90 <>  91 |  2860766 |                |
|  91 <>  92 |  2668424 |                |
|  92 <>  93 |  2782018 |                |
|  93 <>  94 |  3125572 |                |
|  94 <>  95 |  4593780 |                |
|  95 <>  96 |  5242058 |                |
|  96 <>  97 |  3724594 |                |
|  97 <>  98 |  3357318 |                |
|  98 <>  99 |  3614166 |                |
|  99 <> 100 |  3555094 |                |
| 100 <> 101 |  4203860 |                |
| 101 <> 102 |  2896192 |                |
| 102 <> 103 |  1151054 |                |
| 103 <> 104 |  1016086 |                |
| 104 <> 105 |   622354 |                |
| 105 <> 106 |  2318006 |                |
| 106 <> 107 |  4547682 |                |
| 107 <> 108 |  5080482 |                |
| 108 <> 109 |  5594626 |                |
| 109 <> 110 |  5313018 |                |
| 110 <> 111 |  5458584 |                |
| 111 <> 112 |  5436796 |                |
| 112 <> 113 |  4684254 |                |
| 113 <> 114 |  4363144 |                |
| 114 <> 115 |  4526060 |                |
| 115 <> 116 |  3985732 |                |
| 116 <> 117 |  4079306 |                |
| 117 <> 118 |  3972050 |                |
| 118 <> 119 |  4016536 |                |
| 119 <> 120 |  4433740 |                |
| 120 <> 121 |  4172978 |                |
| 121 <> 122 |  4124204 |                |
| 122 <> 123 |  4293160 |                |
| 123 <> 124 |  4902958 |                |
| 124 <> 125 |  5264918 |                |
| 125 <> 126 |  5819752 |                |
| 126 <> 127 |  5489154 |                |
| 127 <> 128 |  7415770 |                |
| 128 <> 129 |  8840290 |                |
| 129 <> 130 |  9514726 |                |
| 130 <> 131 | 10600408 |                |
| 131 <> 132 |  9996388 |                |
| 132 <> 133 | 11262796 |                |
| 133 <> 134 | 12450338 |                |
| 134 <> 135 |  8709024 |                |
| 135 <> 136 |  4886680 |                |
| 136 <> 137 |  3910630 |                |
| 137 <> 138 | 10606500 |                |
| 138 <> 139 |  6597306 |                |
| 139 <> 140 |  2921906 |                |
| 140 <> 141 |  1643672 |                |
| 141 <> 142 |  2260880 |                |
| 142 <> 143 |  7169268 |                |
| 143 <> 144 |  6370940 |                |
| 144 <> Dur |  3305316 |                |
==========================================
