
==========================================
| IO Statistics                          |
|                                        |
| Duration: 151.116111 secs              |
| Interval:   1 secs                     |
|                                        |
| Col 1: BYTES()ip.src ==128.110.219.103 |
|----------------------------------------|
|            |1       |                  |
| Interval   |  BYTES |                  |
|---------------------|                  |
|   0 <>   1 |     74 |                  |
|   1 <>   2 |     74 |                  |
|   2 <>   3 |  16716 |                  |
|   3 <>   4 |   7004 |                  |
|   4 <>   5 |   7070 |                  |
|   5 <>   6 |      0 |                  |
|   6 <>   7 |   1414 |                  |
|   7 <>   8 |   4242 |                  |
|   8 <>   9 |   1414 |                  |
|   9 <>  10 |      0 |                  |
|  10 <>  11 |      0 |                  |
|  11 <>  12 |   4242 |                  |
|  12 <>  13 |   6938 |                  |
|  13 <>  14 |  11246 |                  |
|  14 <>  15 |  13942 |                  |
|  15 <>  16 |  13810 |                  |
|  16 <>  17 |  27686 |                  |
|  17 <>  18 |  22162 |                  |
|  18 <>  19 |   5656 |                  |
|  19 <>  20 |      0 |                  |
|  20 <>  21 |  16638 |                  |
|  21 <>  22 |  24924 |                  |
|  22 <>  23 |  19400 |                  |
|  23 <>  24 |  27620 |                  |
|  24 <>  25 |  26272 |                  |
|  25 <>  26 |  44258 |                  |
|  26 <>  27 |  61160 |                  |
|  27 <>  28 |  59548 |                  |
|  28 <>  29 |  59482 |                  |
|  29 <>  30 |  58200 |                  |
|  30 <>  31 |  77468 |                  |
|  31 <>  32 |  92626 |                  |
|  32 <>  33 |  26404 |                  |
|  33 <>  34 |  98282 |                  |
|  34 <>  35 |  54024 |                  |
|  35 <>  36 |  72142 |                  |
|  36 <>  37 |  53958 |                  |
|  37 <>  38 |  70530 |                  |
|  38 <>  39 |  55372 |                  |
|  39 <>  40 |  96736 |                  |
|  40 <>  41 |  82992 |                  |
|  41 <>  42 | 149346 |                  |
|  42 <>  43 | 132642 |                  |
|  43 <>  44 |  41694 |                  |
|  44 <>  45 | 118964 |                  |
|  45 <>  46 | 116202 |                  |
|  46 <>  47 | 125902 |                  |
|  47 <>  48 |  27752 |                  |
|  48 <>  49 |  91344 |                  |
|  49 <>  50 | 116136 |                  |
|  50 <>  51 |  92626 |                  |
|  51 <>  52 |  31796 |                  |
|  52 <>  53 |  82860 |                  |
|  53 <>  54 |  30448 |                  |
|  54 <>  55 |  62442 |                  |
|  55 <>  56 |  15224 |                  |
|  56 <>  57 |  70530 |                  |
|  57 <>  58 |  62310 |                  |
|  58 <>  59 |  58134 |                  |
|  59 <>  60 |  63592 |                  |
|  60 <>  61 |  98150 |                  |
|  61 <>  62 | 116070 |                  |
|  62 <>  63 | 110612 |                  |
|  63 <>  64 |  92560 |                  |
|  64 <>  65 |  89996 |                  |
|  65 <>  66 |  71878 |                  |
|  66 <>  67 | 113440 |                  |
|  67 <>  68 |  99498 |                  |
|  68 <>  69 |  71812 |                  |
|  69 <>  70 |  88516 |                  |
|  70 <>  71 | 105088 |                  |
|  71 <>  72 |  26404 |                  |
|  72 <>  73 |  48500 |                  |
|  73 <>  74 |  73292 |                  |
|  74 <>  75 |  27686 |                  |
|  75 <>  76 |  58200 |                  |
|  76 <>  77 |  66354 |                  |
|  77 <>  78 |  80230 |                  |
|  78 <>  79 |  59548 |                  |
|  79 <>  80 |  91212 |                  |
|  80 <>  81 |  45606 |                  |
|  81 <>  82 |  91278 |                  |
|  82 <>  83 |  38734 |                  |
|  83 <>  84 | 132774 |                  |
|  84 <>  85 |  60764 |                  |
|  85 <>  86 | 130078 |                  |
|  86 <>  87 |  98084 |                  |
|  87 <>  88 |  69050 |                  |
|  88 <>  89 | 145170 |                  |
|  89 <>  90 |  96736 |                  |
|  90 <>  91 | 134056 |                  |
|  91 <>  92 |  52544 |                  |
|  92 <>  93 |  70596 |                  |
|  93 <>  94 |  73226 |                  |
|  94 <>  95 |  92560 |                  |
|  95 <>  96 | 109132 |                  |
|  96 <>  97 |  84274 |                  |
|  97 <>  98 |  99630 |                  |
|  98 <>  99 |  80164 |                  |
|  99 <> 100 |  69248 |                  |
| 100 <> 101 | 135470 |                  |
| 101 <> 102 |  58068 |                  |
| 102 <> 103 |  63526 |                  |
| 103 <> 104 |  55438 |                  |
| 104 <> 105 |  62244 |                  |
| 105 <> 106 |  56852 |                  |
| 106 <> 107 |  63526 |                  |
| 107 <> 108 | 102194 |                  |
| 108 <> 109 |  40214 |                  |
| 109 <> 110 |  55240 |                  |
| 110 <> 111 |  58134 |                  |
| 111 <> 112 |  70596 |                  |
| 112 <> 113 |  37320 |                  |
| 113 <> 114 |  58134 |                  |
| 114 <> 115 | 117616 |                  |
| 115 <> 116 |  49782 |                  |
| 116 <> 117 | 110876 |                  |
| 117 <> 118 |  96934 |                  |
| 118 <> 119 | 217048 |                  |
| 119 <> 120 |  95586 |                  |
| 120 <> 121 |  77402 |                  |
| 121 <> 122 | 104004 |                  |
| 122 <> 123 | 113374 |                  |
| 123 <> 124 | 221158 |                  |
| 124 <> 125 | 163090 |                  |
| 125 <> 126 | 189428 |                  |
| 126 <> 127 | 140994 |                  |
| 127 <> 128 | 177230 |                  |
| 128 <> 129 | 118964 |                  |
| 129 <> 130 | 105088 |                  |
| 130 <> 131 |  70596 |                  |
| 131 <> 132 | 102326 |                  |
| 132 <> 133 |  85754 |                  |
| 133 <> 134 |  96802 |                  |
| 134 <> 135 |  25254 |                  |
| 135 <> 136 |  54090 |                  |
| 136 <> 137 |  52808 |                  |
| 137 <> 138 |  60830 |                  |
| 138 <> 139 |  42910 |                  |
| 139 <> 140 |  31862 |                  |
| 140 <> 141 |  31994 |                  |
| 141 <> 142 |  37452 |                  |
| 142 <> 143 |  26404 |                  |
| 143 <> 144 |  42910 |                  |
| 144 <> 145 |  42910 |                  |
| 145 <> 146 |  33210 |                  |
| 146 <> 147 |  24858 |                  |
| 147 <> 148 |  38734 |                  |
| 148 <> 149 |      0 |                  |
| 149 <> 150 |      0 |                  |
| 150 <> 151 |      0 |                  |
| 151 <> Dur |      0 |                  |
==========================================
