
==========================================
| IO Statistics                          |
|                                        |
| Duration: 148.978860 secs              |
| Interval:   1 secs                     |
|                                        |
| Col 1: BYTES()ip.src ==128.110.219.103 |
|----------------------------------------|
|            |1         |                |
| Interval   |   BYTES  |                |
|-----------------------|                |
|   0 <>   1 |   344950 |                |
|   1 <>   2 |  1763552 |                |
|   2 <>   3 |  2066206 |                |
|   3 <>   4 |  1440204 |                |
|   4 <>   5 |   900082 |                |
|   5 <>   6 |  1113470 |                |
|   6 <>   7 |   916654 |                |
|   7 <>   8 |   953132 |                |
|   8 <>   9 |  1751802 |                |
|   9 <>  10 |  1069614 |                |
|  10 <>  11 |  1167890 |                |
|  11 <>  12 |  1132782 |                |
|  12 <>  13 |   818378 |                |
|  13 <>  14 |  1061196 |                |
|  14 <>  15 |   731326 |                |
|  15 <>  16 |   954502 |                |
|  16 <>  17 |   474478 |                |
|  17 <>  18 |  1048536 |                |
|  18 <>  19 |  1219834 |                |
|  19 <>  20 |  1138394 |                |
|  20 <>  21 |  1692876 |                |
|  21 <>  22 |   836584 |                |
|  22 <>  23 |  1802376 |                |
|  23 <>  24 |  1052778 |                |
|  24 <>  25 |  1344734 |                |
|  25 <>  26 |   887158 |                |
|  26 <>  27 |   185262 |                |
|  27 <>  28 |   178280 |                |
|  28 <>  29 |   547632 |                |
|  29 <>  30 |  2762562 |                |
|  30 <>  31 |  1665004 |                |
|  31 <>  32 |  3742388 |                |
|  32 <>  33 |  3371694 |                |
|  33 <>  34 |  2951420 |                |
|  34 <>  35 |  2383384 |                |
|  35 <>  36 |  2286114 |                |
|  36 <>  37 |  3064848 |                |
|  37 <>  38 |  2514424 |                |
|  38 <>  39 |  1844466 |                |
|  39 <>  40 |  3424698 |                |
|  40 <>  41 |  2909726 |                |
|  41 <>  42 |  2920618 |                |
|  42 <>  43 |  1899070 |                |
|  43 <>  44 |  1959232 |                |
|  44 <>  45 |  2498578 |                |
|  45 <>  46 |  3887918 |                |
|  46 <>  47 |  1968954 |                |
|  47 <>  48 |  2017778 |                |
|  48 <>  49 |  1188688 |                |
|  49 <>  50 |  1024784 |                |
|  50 <>  51 |  2824258 |                |
|  51 <>  52 |   647014 |                |
|  52 <>  53 |   575494 |                |
|  53 <>  54 |  1178734 |                |
|  54 <>  55 |  3175504 |                |
|  55 <>  56 |  3679548 |                |
|  56 <>  57 |  3314020 |                |
|  57 <>  58 |  2893252 |                |
|  58 <>  59 |  2400038 |                |
|  59 <>  60 |  1195950 |                |
|  60 <>  61 |  1836048 |                |
|  61 <>  62 |  1586182 |                |
|  62 <>  63 |  1924470 |                |
|  63 <>  64 |  1748996 |                |
|  64 <>  65 |   897012 |                |
|  65 <>  66 |  1685680 |                |
|  66 <>  67 |  1927772 |                |
|  67 <>  68 |  1299838 |                |
|  68 <>  69 |  1960948 |                |
|  69 <>  70 |  1170696 |                |
|  70 <>  71 |   856292 |                |
|  71 <>  72 |   430952 |                |
|  72 <>  73 |   379338 |                |
|  73 <>  74 |   281062 |                |
|  74 <>  75 |   566432 |                |
|  75 <>  76 |   332742 |                |
|  76 <>  77 |   225982 |                |
|  77 <>  78 |        0 |                |
|  78 <>  79 |    45226 |                |
|  79 <>  80 |   676642 |                |
|  80 <>  81 |  3651634 |                |
|  81 <>  82 |  3616180 |                |
|  82 <>  83 |  4047630 |                |
|  83 <>  84 |  5006070 |                |
|  84 <>  85 |  5671626 |                |
|  85 <>  86 |  5434864 |                |
|  86 <>  87 |  3056362 |                |
|  87 <>  88 |  2799232 |                |
|  88 <>  89 |  2435426 |                |
|  89 <>  90 |  2462116 |                |
|  90 <>  91 |  2347928 |                |
|  91 <>  92 |  2230456 |                |
|  92 <>  93 |  2636154 |                |
|  93 <>  94 |  2810192 |                |
|  94 <>  95 |  2900050 |                |
|  95 <>  96 |  2978684 |                |
|  96 <>  97 |  3008114 |                |
|  97 <>  98 |  3190768 |                |
|  98 <>  99 |  2441236 |                |
|  99 <> 100 |  1736402 |                |
| 100 <> 101 |   527792 |                |
| 101 <> 102 |   585348 |                |
| 102 <> 103 |   301810 |                |
| 103 <> 104 |    86210 |                |
| 104 <> 105 |  1168154 |                |
| 105 <> 106 |  1619854 |                |
| 106 <> 107 |  1542722 |                |
| 107 <> 108 |  2079130 |                |
| 108 <> 109 |  1252796 |                |
| 109 <> 110 |  1302644 |                |
| 110 <> 111 |  1402290 |                |
| 111 <> 112 |  1551140 |                |
| 112 <> 113 |  1692876 |                |
| 113 <> 114 |  1878138 |                |
| 114 <> 115 |  2115344 |                |
| 115 <> 116 |  2389094 |                |
| 116 <> 117 |  2599676 |                |
| 117 <> 118 |  3259368 |                |
| 118 <> 119 |  4057058 |                |
| 119 <> 120 |  5439206 |                |
| 120 <> 121 |  6755496 |                |
| 121 <> 122 |  8942280 |                |
| 122 <> 123 | 10962006 |                |
| 123 <> 124 | 10128666 |                |
| 124 <> 125 |  4220582 |                |
| 125 <> 126 |  4506862 |                |
| 126 <> 127 |  4855882 |                |
| 127 <> 128 |  4717480 |                |
| 128 <> 129 |  4580992 |                |
| 129 <> 130 |  4779938 |                |
| 130 <> 131 |  4888054 |                |
| 131 <> 132 |  4913638 |                |
| 132 <> 133 |  5028058 |                |
| 133 <> 134 |  5418458 |                |
| 134 <> 135 |  6180442 |                |
| 135 <> 136 |  6289052 |                |
| 136 <> 137 |  5477748 |                |
| 137 <> 138 |  6142726 |                |
| 138 <> 139 |  6859434 |                |
| 139 <> 140 |  5520120 |                |
| 140 <> 141 |  2066422 |                |
| 141 <> 142 |  1479026 |                |
| 142 <> 143 |  1725856 |                |
| 143 <> 144 |  1798416 |                |
| 144 <> 145 |  2561484 |                |
| 145 <> 146 |  1378706 |                |
| 146 <> 147 |   648152 |                |
| 147 <> 148 |     1436 |                |
| 148 <> Dur |        0 |                |
==========================================
